Beginning setup
Ending setup
Beginning loop
Step Mode is .. Eighth...
Step Mode is .. Eighth...
image size: 2816.00 x 2112.00
Starting horizontal sweep 0
down
Starting horizontal sweep 1
up
Starting horizontal sweep 2
down
Starting horizontal sweep 3
up
Starting horizontal sweep 4
-273.15,Beginning setup
Ending setup
Beginning loop
Step Mode is .. Eighth...
Step Mode is .. Eighth...
image size: 2816.00 x 2112.00
Starting horizontal sweep 0
down
Starting horizontal sweep 1
up
Starting horizontal sweep 2
down
Starting horizontal sweep 3
up
Starting horizontal sweep 4
-273.15,Beginning setup
Ending setup
Beginning loop
Step Mode is .. Eighth...
Step Mode is .. Eighth...
image size: 2816.00 x 2112.00
Starting horizontal sweep 0
Starting horizontal sweep 1
Starting horizontal sweep 2
Starting horizontal sweep 3
Starting horizontal sweep 4
-273.15,Beginning setup
Ending setup
Beginning loop
Step Mode is .. Eighth...
Step Mode is .. Eighth...
image size: 2816.00 x 2112.00
<<<<0>>>>
<<<<1>>>>
<<<<2>>>>
<<<<3>>>>
<<<<4>>>>
-273.15,Beginning setup
Ending setup
Beginning loop
Step Mode is .. Eighth...
Step Mode is .. Eighth...
image size: 2816.00 x 2112.00
<<<<1>>>>
-273.15,-273.15,-273.15,-273.15,-273.15,-273.15,-273.15,-273.15,-273.15,-273.15,-273.15,-273.15,-273.15,-273.15,-273.15,-273.15,-273.15,-273.15,-273.15,-273.15,-273.15,-273.15,-273.15,-273.15,-273.15,-273.15,-273.15,-273.15,-273.15,-273.15,-273.15,-273.15,-273.15,-273.15,-273.15,-273.15,-273.15,-273.15,-273.15,-273.15,-273.15,-273.15,-273.15,-273.15,-273.15,-273.15,-273.15,-273.15,-273.15,-273.15,-273.15,-273.15,-273.15,-273.15,-273.15,-273.15,-273.15,-273.15,-273.15,-273.15,-273.15,-273.15,-273.15,-273.15,-273.15,-273.15,-273.15,-273.15,-273.15,-273.15,-273.15,-273.15,-273.15,-273.15,-273.15,-273.15,-273.15,-273.15,-273.15,-273.15,-273.15,-273.15,-273.15,-273.15,-273.15,-273.15,-273.15,-273.15,-273.15,-273.15,-273.15,-273.15,-273.15,-273.15,-273.15,-273.15,-273.15,-273.15,-273.15,-273.15,-273.15,-273.15,-273.15,-273.15,-273.15,-273.15,-273.15,-273.15,-273.15,-273.15,-273.15,-273.15,-273.15,-273.15,-273.15,-273.15,-273.15,-273.15,-273.15,-273.15,-273.15,-273.15,-273.15,-273.15,-273.15,-273.15,-273.15,-273.15,-273.15,-273.15,-273.15,-273.15,-273.15,-273.15,-273.15,-273.15,-273.15,-273.15,-273.15,-273.15,-273.15,-273.15,-273.15,-273.15,-273.15,-273.15,-273.15,-273.15,-273.15,-273.15,-273.15,-273.15,-273.15,-273.15,-273.15,-273.15,-273.15,-273.15,-273.15,-273.15,-273.15,-273.15,-273.15,-273.15,-273.15,-273.15,-273.15,-273.15,-273.15,-273.15,-273.15,-273.15,-273.15,-273.15,-273.15,-273.15,-273.15,-273.15,-273.15,-273.15,-273.15,-273.15,-273.15,-273.15,-273.15,-273.15,-273.15,-273.15,-273.15,-273.15,-273.15,-273.15,-273.15,-273.15,-273.15,-273.15,-273.15,-273.15,-273.15,-273.15,-273.15,-273.15,-273.15,-273.15,-273.15,-273.15,-273.15,-273.15,-273.15,-273.15,-273.15,-273.15,-273.15,-273.15,-273.15,-273.15,-273.15,-273.15,-273.15,-273.15,-273.15,-273.15,-273.15,-273.15,-273.15,-273.15,-273.15,-273.15,-273.15,-273.15,-273.15,-273.15,-273.15,-273.15,-273.15,-273.15,-273.15,-273.15,-273.15,-273.15,-273.15,-273.15,-273.15,-273.15,-273.15,-273.15,-273.15,-273.15,-273.15,-273.15,-273.15,-273.15,-273.15,-273.15,-273.15,-273.15,-273.15,-273.15,-273.15,-273.15,-273.15,-273.15,-273.15,-273.15,-273.15,-273.15,-273.15,-273.15,-273.15,-273.15,-273.15,-273.15,-273.15,-273.15,-273.15,-273.15,-273.15,-273.15,-273.15,-273.15,-273.15,-273.15,-273.15,-273.15,-273.15,-273.15,-273.15,-273.15,-273.15,-273.15,-273.15,-273.15,-273.15,-273.15,-273.15,-273.15,-273.15,-273.15,-273.15,-273.15,-273.15,-273.15,-273.15,-273.15,-273.15,-273.15,-273.15,-273.15,-273.15,-273.15,-273.15,-273.15,-273.15,-273.15,-273.15,-273.15,-273.15,-273.15,-273.15,-273.15,-273.15,-273.15,-273.15,-273.15,-273.15,-273.15,-273.15,-273.15,-273.15,-273.15,-273.15,-273.15,-273.15,-273.15,-273.15,-273.15,-273.15,-273.15,-273.15,-273.15,-273.15,-273.15,-273.15,-273.15,-273.15,-273.15,-273.15,-273.15,-273.15,-273.15,-273.15,-273.15,-273.15,-273.15,-273.15,-273.15,-273.15,-273.15,-273.15,-273.15,-273.15,-273.15,-273.15,-273.15,-273.15,-273.15,-273.15,-273.15,-273.15,-273.15,-273.15,-273.15,-273.15,-273.15,-273.15,-273.15,-273.15,-273.15,-273.15,-273.15,-273.15,-273.15,-273.15,-273.15,-273.15,-273.15,-273.15,-273.15,-273.15,-273.15,-273.15,-273.15,-273.15,-273.15,-273.15,-273.15,-273.15,-273.15,-273.15,-273.15,-273.15,-273.15,-273.15,-273.15,-273.15,-273.15,-273.15,-273.15,-273.15,-273.15,-273.15,-273.15,-273.15,-273.15,-273.15,-273.15,-273.15,-273.15,-273.15,-273.15,-273.15,-273.15,-273.15,-273.15,-273.15,-273.15,-273.15,-273.15,-273.15,-273.15,-273.15,-273.15,-273.15,-273.15,-273.15,-273.15,-273.15,-273.15,-273.15,-273.15,-273.15,-273.15,-273.15,-273.15,-273.15,-273.15,-273.15,-273.15,-273.15,-273.15,-273.15,-273.15,-273.15,-273.15,-273.15,-273.15,-273.15,-273.15,-273.15,-273.15,-273.15,-273.15,-273.15,-273.15,-273.15,-273.15,-273.15,-273.15,-273.15,-273.15,-273.15,-273.15,-273.15,-273.15,-273.15,-273.15,-273.15,-273.15,-273.15,-273.15,-273.15,-273.15,-273.15,-273.15,-273.15,-273.15,-273.15,-273.15,-273.15,-273.15,-273.15,-273.15,-273.15,-273.15,-273.15,-273.15,-273.15,-273.15,-273.15,-273.15,-273.15,-273.15,-273.15,-273.15,-273.15,-273.15,-273.15,-273.15,-273.15,-273.15,-273.15,-273.15,-273.15,-273.15,-273.15,-273.15,-273.15,-273.15,-273.15,-273.15,-273.15,-273.15,-273.15,-273.15,-273.15,-273.15,-273.15,-273.15,-273.15,-273.15,-273.15,-273.15,-273.15,-273.15,-273.15,-273.15,-273.15,-273.15,-273.15,-273.15,-273.15,-273.15,-273.15,-273.15,-273.15,-273.15,-273.15,-273.15,-273.15,-273.15,-273.15,-273.15,-273.15,-273.15,-273.15,-273.15,-273.15,-273.15,-273.15,-273.15,-273.15,-273.15,-273.15,-273.15,-273.15,-273.15,-273.15,-273.15,-273.15,-273.15,-273.15,-273.15,-273.15,-273.15,-273.15,-273.15,-273.15,-273.15,-273.15,-273.15,-273.15,-273.15,-273.15,-273.15,-273.15,-273.15,-273.15,-273.15,-273.15,-273.15,-273.15,-273.15,-273.15,-273.15,-273.15,-273.15,-273.15,-273.15,-273.15,-273.15,-273.15,-273.15,-273.15,-273.15,-273.15,-273.15,-273.15,-273.15,-273.15,-273.15,-273.15,-273.15,-273.15,-273.15,-273.15,-273.15,-273.15,-273.15,-273.15,-273.15,-273.15,-273.15,-273.15,-273.15,-273.15,-273.15,-273.15,-273.15,-273.15,-273.15,-273.15,-273.15,-273.15,-273.15,-273.15,-273.15,-273.15,-273.15,-273.15,-273.15,-273.15,-273.15,-273.15,-273.15,-273.15,-273.15,-273.15,-273.15,-273.15,-273.15,-273.15,-273.15,-273.15,-273.15,-273.15,-273.15,-273.15,-273.15,-273.15,-273.15,-273.15,-273.15,-273.15,-273.15,-273.15,-273.15,-273.15,-273.15,-273.15,-273.15,-273.15,-273.15,-273.15,-273.15,-273.15,-273.15,-273.15,-273.15,-273.15,-273.15,-273.15,-273.15,-273.15,-273.15,-273.15,-273.15,-273.15,-273.15,-273.15,-273.15,-273.15,-273.15,-273.15,-273.15,-273.15,-273.15,-273.15,-273.15,-273.15,-273.15,-273.15,-273.15,-273.15,-273.15,-273.15,-273.15,-273.15,-273.15,-273.15,-273.15,-273.15,-273.15,-273.15,-273.15,-273.15,-273.15,-273.15,-273.15,-273.15,-273.15,-273.15,-273.15,-273.15,-273.15,-273.15,-273.15,-273.15,-273.15,-273.15,-273.15,-273.15,-273.15,-273.15,-273.15,-273.15,-273.15,-273.15,-273.15,-273.15,-273.15,-273.15,-273.15,-273.15,-273.15,-273.15,-273.15,-273.15,-273.15,-273.15,-273.15,-273.15,-273.15,-273.15,-273.15,-273.15,-273.15,-273.15,-273.15,-273.15,-273.15,-273.15,-273.15,-273.15,-273.15,-273.15,-273.15,-273.15,-273.15,-273.15,-273.15,-273.15,-273.15,-273.15,-273.15,-273.15,-273.15,-273.15,-273.15,-273.15,-273.15,-273.15,-273.15,-273.15,-273.15,-273.15,-273.15,-273.15,-273.15,-273.15,-273.15,-273.15,-273.15,-273.15,-273.15,-273.15,-273.15,-273.15,-273.15,-273.15,-273.15,-273.15,-273.15,-273.15,-273.15,-273.15,-273.15,-273.15,-273.15,-273.15,-273.15,-273.15,-273.15,-273.15,-273.15,-273.15,-273.15,-273.15,-273.15,-273.15,-273.15,-273.15,-273.15,-273.15,-273.15,-273.15,-273.15,-273.15,-273.15,-273.15,-273.15,-273.15,-273.15,-273.15,-273.15,-273.15,-273.15,-273.15,-273.15,-273.15,-273.15,-273.15,-273.15,-273.15,-273.15,-273.15,-273.15,-273.15,-273.15,-273.15,-273.15,-273.15,-273.15,-273.15,-273.15,-273.15,-273.15,-273.15,-273.15,-273.15,-273.15,-273.15,-273.15,-273.15,-273.15,-273.15,-273.15,-273.15,-273.15,-273.15,-273.15,-273.15,-273.15,-273.15,-273.15,-273.15,-273.15,-273.15,-273.15,-273.15,-273.15,-273.15,-273.15,-273.15,-273.15,-273.15,-273.15,-273.15,-273.15,-273.15,-273.15,-273.15,-273.15,-273.15,-273.15,-273.15,-273.15,-273.15,-273.15,-273.15,-273.15,-273.15,-273.15,-273.15,-273.15,-273.15,-273.15,-273.15,-273.15,-273.15,-273.15,-273.15,-273.15,-273.15,-273.15,-273.15,-273.15,-273.15,-273.15,-273.15,-273.15,-273.15,-273.15,-273.15,-273.15,-273.15,-273.15,-273.15,-273.15,-273.15,-273.15,-273.15,-273.15,-273.15,-273.15,-273.15,-273.15,-273.15,-273.15,-273.15,-273.15,-273.15,-273.15,-273.15,-273.15,-273.15,-273.15,-273.15,-273.15,-273.15,-273.15,-273.15,-273.15,-273.15,-273.15,-273.15,-273.15,-273.15,-273.15,-273.15,-273.15,-273.15,-273.15,-273.15,-273.15,-273.15,-273.15,-273.15,-273.15,-273.15,-273.15,-273.15,-273.15,-273.15,-273.15,-273.15,-273.15,-273.15,-273.15,-273.15,-273.15,-273.15,-273.15,-273.15,-273.15,-273.15,-273.15,-273.15,-273.15,-273.15,-273.15,-273.15,-273.15,-273.15,-273.15,-273.15,-273.15,-273.15,-273.15,-273.15,-273.15,-273.15,-273.15,-273.15,-273.15,-273.15,-273.15,-273.15,-273.15,-273.15,-273.15,-273.15,-273.15,-273.15,-273.15,-273.15,-273.15,-273.15,-273.15,-273.15,-273.15,-273.15,-273.15,-273.15,-273.15,-273.15,-273.15,-273.15,-273.15,-273.15,-273.15,-273.15,-273.15,-273.15,-273.15,-273.15,-273.15,-273.15,-273.15,-273.15,-273.15,-273.15,-273.15,-273.15,-273.15,-273.15,-273.15,-273.15,-273.15,-273.15,-273.15,-273.15,-273.15,-273.15,-273.15,-273.15,-273.15,-273.15,-273.15,-273.15,-273.15,-273.15,-273.15,-273.15,-273.15,-273.15,-273.15,-273.15,-273.15,-273.15,-273.15,-273.15,-273.15,-273.15,-273.15,-273.15,-273.15,-273.15,-273.15,-273.15,-273.15,-273.15,-273.15,-273.15,-273.15,-273.15,-273.15,-273.15,-273.15,-273.15,-273.15,-273.15,-273.15,-273.15,-273.15,-273.15,-273.15,-273.15,-273.15,-273.15,-273.15,-273.15,-273.15,-273.15,-273.15,-273.15,-273.15,-273.15,-273.15,-273.15,-273.15,-273.15,-273.15,-273.15,-273.15,-273.15,-273.15,-273.15,-273.15,-273.15,-273.15,-273.15,-273.15,-273.15,-273.15,-273.15,-273.15,-273.15,-273.15,-273.15,-273.15,-273.15,-273.15,-273.15,-273.15,-273.15,-273.15,-273.15,-273.15,-273.15,-273.15,-273.15,-273.15,-273.15,-273.15,-273.15,-273.15,-273.15,-273.15,-273.15,-273.15,-273.15,-273.15,-273.15,-273.15,-273.15,-273.15,-273.15,-273.15,-273.15,-273.15,-273.15,-273.15,-273.15,-273.15,-273.15,-273.15,-273.15,-273.15,-273.15,-273.15,-273.15,-273.15,-273.15,-273.15,-273.15,-273.15,-273.15,-273.15,-273.15,-273.15,-273.15,-273.15,-273.15,-273.15,-273.15,-273.15,-273.15,-273.15,-273.15,-273.15,-273.15,-273.15,-273.15,-273.15,-273.15,-273.15,-273.15,-273.15,-273.15,-273.15,-273.15,-273.15,-273.15,-273.15,-273.15,-273.15,-273.15,-273.15,-273.15,-273.15,-273.15,-273.15,-273.15,-273.15,-273.15,-273.15,-273.15,-273.15,-273.15,-273.15,-273.15,-273.15,-273.15,-273.15,-273.15,-273.15,-273.15,-273.15,-273.15,-273.15,-273.15,-273.15,-273.15,-273.15,-273.15,-273.15,-273.15,-273.15,-273.15,-273.15,-273.15,-273.15,-273.15,-273.15,-273.15,-273.15,-273.15,-273.15,-273.15,-273.15,-273.15,-273.15,-273.15,-273.15,-273.15,-273.15,-273.15,-273.15,-273.15,-273.15,-273.15,-273.15,-273.15,-273.15,-273.15,-273.15,-273.15,-273.15,-273.15,-273.15,-273.15,-273.15,-273.15,-273.15,-273.15,-273.15,-273.15,-273.15,-273.15,-273.15,-273.15,-273.15,-273.15,-273.15,-273.15,-273.15,-273.15,-273.15,-273.15,-273.15,-273.15,-273.15,-273.15,-273.15,-273.15,-273.15,-273.15,-273.15,-273.15,-273.15,-273.15,-273.15,-273.15,-273.15,-273.15,-273.15,-273.15,-273.15,-273.15,-273.15,-273.15,-273.15,-273.15,-273.15,-273.15,-273.15,-273.15,-273.15,-273.15,-273.15,-273.15,-273.15,-273.15,-273.15,-273.15,-273.15,-273.15,-273.15,-273.15,-273.15,-273.15,-273.15,-273.15,-273.15,-273.15,-273.15,-273.15,-273.15,-273.15,-273.15,-273.15,-273.15,-273.15,-273.15,-273.15,-273.15,-273.15,-273.15,-273.15,-273.15,-273.15,-273.15,-273.15,-273.15,-273.15,-273.15,-273.15,-273.15,-273.15,-273.15,-273.15,-273.15,-273.15,-273.15,-273.15,-273.15,-273.15,-273.15,-273.15,-273.15,-273.15,-273.15,-273.15,-273.15,-273.15,-273.15,-273.15,-273.15,-273.15,-273.15,-273.15,-273.15,-273.15,-273.15,-273.15,-273.15,-273.15,-273.15,-273.15,-273.15,-273.15,-273.15,-273.15,-273.15,-273.15,-273.15,-273.15,-273.15,-273.15,-273.15,-273.15,-273.15,-273.15,-273.15,-273.15,-273.15,-273.15,-273.15,-273.15,-273.15,-273.15,-273.15,-273.15,-273.15,-273.15,-273.15,-273.15,-273.15,-273.15,-273.15,-273.15,-273.15,-273.15,-273.15,-273.15,-273.15,-273.15,-273.15,-273.15,-273.15,-273.15,-273.15,-273.15,-273.15,-273.15,-273.15,-273.15,-273.15,-273.15,-273.15,-273.15,-273.15,-273.15,-273.15,-273.15,-273.15,-273.15,-273.15,-273.15,-273.15,-273.15,-273.15,-273.15,-273.15,-273.15,-273.15,-273.15,-273.15,-273.15,-273.15,-273.15,-273.15,-273.15,-273.15,-273.15,-273.15,-273.15,-273.15,-273.15,-273.15,-273.15,-273.15,-273.15,-273.15,-273.15,-273.15,-273.15,-273.15,-273.15,-273.15,-273.15,-273.15,-273.15,-273.15,-273.15,-273.15,-273.15,-273.15,-273.15,-273.15,-273.15,-273.15,-273.15,-273.15,-273.15,-273.15,-273.15,-273.15,-273.15,-273.15,-273.15,-273.15,-273.15,-273.15,-273.15,-273.15,-273.15,-273.15,-273.15,-273.15,-273.15,-273.15,-273.15,-273.15,-273.15,-273.15,-273.15,-273.15,-273.15,-273.15,-273.15,-273.15,-273.15,-273.15,-273.15,-273.15,-273.15,-273.15,-273.15,-273.15,-273.15,-273.15,-273.15,-273.15,-273.15,-273.15,-273.15,-273.15,-273.15,-273.15,-273.15,-273.15,-273.15,-273.15,-273.15,-273.15,-273.15,-273.15,-273.15,-273.15,-273.15,-273.15,-273.15,-273.15,-273.15,-273.15,-273.15,-273.15,-273.15,-273.15,-273.15,-273.15,-273.15,-273.15,-273.15,-273.15,-273.15,-273.15,-273.15,-273.15,-273.15,-273.15,-273.15,-273.15,-273.15,-273.15,-273.15,-273.15,-273.15,-273.15,-273.15,-273.15,-273.15,-273.15,-273.15,-273.15,-273.15,-273.15,-273.15,-273.15,-273.15,-273.15,-273.15,-273.15,-273.15,-273.15,-273.15,-273.15,-273.15,-273.15,-273.15,-273.15,-273.15,-273.15,-273.15,-273.15,-273.15,-273.15,-273.15,-273.15,-273.15,-273.15,-273.15,-273.15,-273.15,-273.15,-273.15,-273.15,-273.15,-273.15,-273.15,-273.15,-273.15,-273.15,-273.15,-273.15,-273.15,-273.15,-273.15,-273.15,-273.15,-273.15,-273.15,-273.15,-273.15,-273.15,-273.15,-273.15,-273.15,-273.15,-273.15,-273.15,-273.15,-273.15,-273.15,-273.15,-273.15,-273.15,-273.15,-273.15,-273.15,-273.15,-273.15,-273.15,-273.15,-273.15,-273.15,-273.15,-273.15,-273.15,-273.15,-273.15,-273.15,-273.15,-273.15,-273.15,-273.15,-273.15,-273.15,-273.15,-273.15,-273.15,-273.15,-273.15,-273.15,-273.15,-273.15,-273.15,-273.15,-273.15,-273.15,-273.15,-273.15,-273.15,-273.15,-273.15,-273.15,-273.15,-273.15,-273.15,-273.15,-273.15,-273.15,-273.15,-273.15,-273.15,-273.15,-273.15,-273.15,-273.15,-273.15,-273.15,-273.15,-273.15,-273.15,-273.15,-273.15,-273.15,-273.15,-273.15,-273.15,-273.15,-273.15,-273.15,-273.15,-273.15,-273.15,-273.15,-273.15,-273.15,-273.15,-273.15,-273.15,-273.15,-273.15,-273.15,-273.15,-273.15,-273.15,-273.15,-273.15,-273.15,-273.15,-273.15,-273.15,-273.15,-273.15,-273.15,-273.15,-273.15,-273.15,-273.15,-273.15,-273.15,-273.15,-273.15,-273.15,-273.15,-273.15,-273.15,-273.15,-273.15,-273.15,-273.15,-273.15,-273.15,-273.15,-273.15,-273.15,-273.15,-273.15,-273.15,-273.15,-273.15,-273.15,-273.15,-273.15,-273.15,-273.15,-273.15,-273.15,-273.15,-273.15,-273.15,-273.15,-273.15,-273.15,-273.15,-273.15,-273.15,-273.15,-273.15,-273.15,-273.15,-273.15,-273.15,-273.15,-273.15,-273.15,-273.15,-273.15,-273.15,-273.15,-273.15,-273.15,-273.15,-273.15,-273.15,-273.15,-273.15,-273.15,-273.15,-273.15,-273.15,-273.15,-273.15,-273.15,-273.15,-273.15,-273.15,-273.15,-273.15,-273.15,-273.15,-273.15,-273.15,-273.15,-273.15,-273.15,-273.15,-273.15,-273.15,-273.15,-273.15,-273.15,-273.15,-273.15,-273.15,-273.15,-273.15,-273.15,-273.15,-273.15,-273.15,-273.15,-273.15,-273.15,-273.15,-273.15,-273.15,-273.15,-273.15,-273.15,-273.15,-273.15,-273.15,-273.15,-273.15,-273.15,-273.15,-273.15,-273.15,-273.15,-273.15,-273.15,-273.15,-273.15,-273.15,-273.15,-273.15,-273.15,-273.15,-273.15,-273.15,-273.15,-273.15,-273.15,-273.15,-273.15,-273.15,-273.15,-273.15,-273.15,-273.15,-273.15,-273.15,-273.15,-273.15,-273.15,-273.15,-273.15,-273.15,-273.15,-273.15,-273.15,-273.15,-273.15,-273.15,-273.15,-273.15,-273.15,-273.15,-273.15,-273.15,-273.15,-273.15,-273.15,-273.15,-273.15,-273.15,-273.15,-273.15,-273.15,-273.15,-273.15,-273.15,-273.15,-273.15,-273.15,-273.15,-273.15,-273.15,-273.15,-273.15,-273.15,-273.15,-273.15,-273.15,-273.15,-273.15,-273.15,-273.15,-273.15,-273.15,-273.15,-273.15,-273.15,-273.15,-273.15,-273.15,-273.15,-273.15,-273.15,-273.15,-273.15,-273.15,-273.15,-273.15,-273.15,-273.15,-273.15,-273.15,-273.15,-273.15,-273.15,-273.15,-273.15,-273.15,-273.15,-273.15,-273.15,-273.15,-273.15,-273.15,-273.15,-273.15,-273.15,-273.15,-273.15,-273.15,-273.15,-273.15,-273.15,-273.15,-273.15,-273.15,-273.15,-273.15,-273.15,-273.15,-273.15,-273.15,-273.15,-273.15,-273.15,-273.15,-273.15,-273.15,-273.15,-273.15,-273.15,Beginning setup
Ending setup
Beginning loop
Step Mode is .. Eighth...
Step Mode is .. Eighth...
image size: 2816.00 x 2112.00
<<<<1>>>>
-273.15,-273.15,-273.15,-273.15,-273.15,-273.15,-273.15,-273.15,-273.15,-273.15,-273.15,-273.15,-273.15,-273.15,-273.15,-273.15,-273.15,-273.15,-273.15,-273.15,-273.15,-273.15,-273.15,-273.15,-273.15,-273.15,-273.15,-273.15,-273.15,-273.15,-273.15,-273.15,-273.15,-273.15,-273.15,-273.15,-273.15,-273.15,-273.15,-273.15,-273.15,-273.15,-273.15,-273.15,-273.15,-273.15,-273.15,-273.15,-273.15,-273.15,-273.15,-273.15,-273.15,-273.15,-273.15,-273.15,-273.15,-273.15,-273.15,-273.15,-273.15,-273.15,-273.15,-273.15,-273.15,-273.15,-273.15,-273.15,-273.15,-273.15,-273.15,-273.15,-273.15,-273.15,-273.15,-273.15,-273.15,-273.15,-273.15,-273.15,-273.15,-273.15,-273.15,-273.15,-273.15,-273.15,-273.15,-273.15,-273.15,-273.15,-273.15,-273.15,-273.15,-273.15,-273.15,-273.15,-273.15,-273.15,-273.15,-273.15,-273.15,-273.15,-273.15,-273.15,-273.15,-273.15,-273.15,-273.15,-273.15,-273.15,-273.15,-273.15,-273.15,-273.15,-273.15,-273.15,-273.15,-273.15,-273.15,-273.15,-273.15,-273.15,-273.15,-273.15,-273.15,-273.15,-273.15,-273.15,-273.15,-273.15,-273.15,-273.15,-273.15,-273.15,-273.15,-273.15,-273.15,-273.15,-273.15,-273.15,-273.15,-273.15,-273.15,-273.15,-273.15,-273.15,-273.15,-273.15,-273.15,-273.15,-273.15,-273.15,-273.15,-273.15,-273.15,-273.15,-273.15,-273.15,-273.15,-273.15,-273.15,-273.15,-273.15,-273.15,-273.15,-273.15,-273.15,-273.15,-273.15,-273.15,-273.15,-273.15,-273.15,-273.15,-273.15,-273.15,-273.15,-273.15,-273.15,-273.15,-273.15,-273.15,-273.15,-273.15,-273.15,-273.15,-273.15,-273.15,-273.15,-273.15,-273.15,-273.15,-273.15,-273.15,-273.15,-273.15,-273.15,-273.15,-273.15,-273.15,-273.15,-273.15,-273.15,-273.15,-273.15,-273.15,-273.15,-273.15,-273.15,-273.15,-273.15,-273.15,-273.15,-273.15,-273.15,-273.15,-273.15,-273.15,-273.15,-273.15,-273.15,-273.15,-273.15,-273.15,-273.15,-273.15,-273.15,-273.15,-273.15,-273.15,-273.15,-273.15,-273.15,-273.15,-273.15,-273.15,-273.15,-273.15,-273.15,-273.15,-273.15,-273.15,-273.15,-273.15,-273.15,-273.15,-273.15,-273.15,-273.15,-273.15,-273.15,-273.15,-273.15,-273.15,-273.15,-273.15,-273.15,-273.15,-273.15,-273.15,-273.15,-273.15,-273.15,-273.15,-273.15,-273.15,-273.15,-273.15,-273.15,-273.15,-273.15,-273.15,-273.15,-273.15,-273.15,-273.15,-273.15,-273.15,-273.15,-273.15,-273.15,-273.15,-273.15,-273.15,-273.15,-273.15,-273.15,-273.15,-273.15,-273.15,-273.15,-273.15,-273.15,-273.15,-273.15,-273.15,-273.15,-273.15,-273.15,-273.15,-273.15,-273.15,-273.15,-273.15,-273.15,-273.15,-273.15,-273.15,-273.15,-273.15,-273.15,-273.15,-273.15,-273.15,-273.15,-273.15,-273.15,-273.15,-273.15,-273.15,-273.15,-273.15,-273.15,-273.15,-273.15,-273.15,-273.15,-273.15,-273.15,-273.15,-273.15,-273.15,-273.15,-273.15,-273.15,-273.15,-273.15,-273.15,-273.15,-273.15,-273.15,-273.15,-273.15,-273.15,-273.15,-273.15,-273.15,-273.15,-273.15,-273.15,-273.15,-273.15,-273.15,-273.15,-273.15,-273.15,-273.15,-273.15,-273.15,-273.15,-273.15,-273.15,-273.15,-273.15,-273.15,-273.15,-273.15,-273.15,-273.15,-273.15,-273.15,-273.15,-273.15,-273.15,-273.15,-273.15,-273.15,-273.15,-273.15,-273.15,-273.15,-273.15,-273.15,-273.15,-273.15,-273.15,-273.15,-273.15,-273.15,-273.15,-273.15,-273.15,-273.15,-273.15,-273.15,-273.15,-273.15,-273.15,-273.15,-273.15,-273.15,-273.15,-273.15,-273.15,-273.15,-273.15,-273.15,-273.15,-273.15,-273.15,-273.15,-273.15,-273.15,-273.15,-273.15,-273.15,-273.15,-273.15,-273.15,-273.15,-273.15,-273.15,-273.15,-273.15,-273.15,-273.15,-273.15,-273.15,-273.15,-273.15,-273.15,-273.15,-273.15,-273.15,-273.15,-273.15,-273.15,-273.15,-273.15,-273.15,-273.15,-273.15,-273.15,-273.15,-273.15,-273.15,-273.15,-273.15,-273.15,-273.15,-273.15,-273.15,-273.15,-273.15,-273.15,-273.15,-273.15,-273.15,-273.15,-273.15,-273.15,-273.15,-273.15,-273.15,-273.15,-273.15,-273.15,-273.15,-273.15,-273.15,-273.15,-273.15,-273.15,-273.15,-273.15,-273.15,-273.15,-273.15,-273.15,-273.15,-273.15,-273.15,-273.15,-273.15,-273.15,-273.15,-273.15,-273.15,-273.15,-273.15,-273.15,-273.15,-273.15,-273.15,-273.15,-273.15,-273.15,-273.15,-273.15,-273.15,-273.15,-273.15,-273.15,-273.15,-273.15,-273.15,-273.15,-273.15,-273.15,-273.15,-273.15,-273.15,-273.15,-273.15,-273.15,-273.15,-273.15,-273.15,-273.15,-273.15,-273.15,-273.15,-273.15,-273.15,-273.15,-273.15,-273.15,-273.15,-273.15,-273.15,-273.15,-273.15,-273.15,-273.15,-273.15,-273.15,-273.15,-273.15,-273.15,-273.15,-273.15,-273.15,-273.15,-273.15,-273.15,-273.15,-273.15,-273.15,-273.15,-273.15,-273.15,-273.15,-273.15,-273.15,-273.15,-273.15,-273.15,-273.15,-273.15,-273.15,-273.15,-273.15,-273.15,-273.15,-273.15,-273.15,-273.15,-273.15,-273.15,-273.15,-273.15,-273.15,-273.15,-273.15,-273.15,-273.15,-273.15,-273.15,-273.15,-273.15,-273.15,-273.15,-273.15,-273.15,-273.15,-273.15,-273.15,-273.15,-273.15,-273.15,-273.15,-273.15,-273.15,-273.15,-273.15,-273.15,-273.15,-273.15,-273.15,-273.15,-273.15,-273.15,-273.15,-273.15,-273.15,-273.15,-273.15,-273.15,-273.15,-273.15,-273.15,-273.15,-273.15,-273.15,-273.15,-273.15,-273.15,-273.15,-273.15,-273.15,-273.15,-273.15,-273.15,-273.15,-273.15,-273.15,-273.15,-273.15,-273.15,-273.15,-273.15,-273.15,-273.15,-273.15,-273.15,-273.15,-273.15,-273.15,-273.15,-273.15,-273.15,-273.15,-273.15,-273.15,-273.15,-273.15,-273.15,-273.15,-273.15,-273.15,-273.15,-273.15,-273.15,-273.15,-273.15,-273.15,-273.15,-273.15,-273.15,-273.15,-273.15,-273.15,-273.15,-273.15,-273.15,-273.15,-273.15,-273.15,-273.15,-273.15,-273.15,-273.15,-273.15,-273.15,-273.15,-273.15,-273.15,-273.15,-273.15,-273.15,-273.15,-273.15,-273.15,-273.15,-273.15,-273.15,-273.15,-273.15,-273.15,-273.15,-273.15,-273.15,-273.15,-273.15,-273.15,-273.15,-273.15,-273.15,-273.15,-273.15,-273.15,-273.15,-273.15,-273.15,-273.15,-273.15,-273.15,-273.15,-273.15,-273.15,-273.15,-273.15,-273.15,-273.15,-273.15,-273.15,-273.15,-273.15,-273.15,-273.15,-273.15,-273.15,-273.15,-273.15,-273.15,-273.15,-273.15,-273.15,-273.15,-273.15,-273.15,-273.15,-273.15,-273.15,-273.15,-273.15,-273.15,-273.15,-273.15,-273.15,-273.15,-273.15,-273.15,-273.15,-273.15,-273.15,-273.15,-273.15,-273.15,-273.15,-273.15,-273.15,-273.15,-273.15,-273.15,-273.15,-273.15,-273.15,-273.15,-273.15,-273.15,-273.15,-273.15,-273.15,-273.15,-273.15,-273.15,-273.15,-273.15,-273.15,-273.15,-273.15,-273.15,-273.15,-273.15,-273.15,-273.15,-273.15,-273.15,-273.15,-273.15,-273.15,-273.15,-273.15,-273.15,-273.15,-273.15,-273.15,-273.15,-273.15,-273.15,-273.15,-273.15,-273.15,-273.15,-273.15,-273.15,-273.15,-273.15,-273.15,-273.15,-273.15,-273.15,-273.15,-273.15,-273.15,-273.15,-273.15,-273.15,-273.15,-273.15,-273.15,-273.15,-273.15,-273.15,-273.15,-273.15,-273.15,-273.15,-273.15,-273.15,-273.15,-273.15,-273.15,-273.15,-273.15,-273.15,-273.15,-273.15,-273.15,-273.15,-273.15,-273.15,-273.15,-273.15,-273.15,-273.15,-273.15,-273.15,-273.15,-273.15,-273.15,-273.15,-273.15,-273.15,-273.15,-273.15,-273.15,-273.15,-273.15,-273.15,-273.15,-273.15,-273.15,-273.15,-273.15,-273.15,-273.15,-273.15,-273.15,-273.15,-273.15,-273.15,-273.15,-273.15,-273.15,-273.15,-273.15,-273.15,-273.15,-273.15,-273.15,-273.15,-273.15,-273.15,-273.15,-273.15,-273.15,-273.15,-273.15,-273.15,-273.15,-273.15,-273.15,-273.15,-273.15,-273.15,-273.15,-273.15,-273.15,-273.15,-273.15,-273.15,-273.15,-273.15,-273.15,-273.15,-273.15,-273.15,-273.15,-273.15,-273.15,-273.15,-273.15,-273.15,-273.15,-273.15,-273.15,-273.15,-273.15,-273.15,-273.15,-273.15,-273.15,-273.15,-273.15,-273.15,-273.15,-273.15,-273.15,-273.15,-273.15,-273.15,-273.15,-273.15,-273.15,-273.15,-273.15,-273.15,-273.15,-273.15,-273.15,-273.15,-273.15,-273.15,-273.15,-273.15,-273.15,-273.15,-273.15,-273.15,-273.15,-273.15,-273.15,-273.15,-273.15,-273.15,-273.15,-273.15,-273.15,-273.15,-273.15,-273.15,-273.15,-273.15,-273.15,-273.15,-273.15,-273.15,-273.15,-273.15,-273.15,-273.15,-273.15,-273.15,-273.15,-273.15,-273.15,-273.15,-273.15,-273.15,-273.15,-273.15,-273.15,-273.15,-273.15,-273.15,-273.15,-273.15,-273.15,-273.15,-273.15,-273.15,-273.15,-273.15,-273.15,-273.15,-273.15,-273.15,-273.15,-273.15,-273.15,-273.15,-273.15,-273.15,-273.15,-273.15,-273.15,-273.15,-273.15,-273.15,-273.15,-273.15,-273.15,-273.15,-273.15,-273.15,-273.15,-273.15,-273.15,-273.15,-273.15,-273.15,-273.15,-273.15,-273.15,-273.15,-273.15,-273.15,-273.15,-273.15,-273.15,-273.15,-273.15,-273.15,-273.15,-273.15,-273.15,-273.15,-273.15,-273.15,-273.15,-273.15,-273.15,-273.15,-273.15,-273.15,-273.15,-273.15,-273.15,-273.15,-273.15,-273.15,-273.15,-273.15,-273.15,-273.15,-273.15,-273.15,-273.15,-273.15,-273.15,-273.15,-273.15,-273.15,-273.15,-273.15,-273.15,-273.15,-273.15,-273.15,-273.15,-273.15,-273.15,-273.15,-273.15,-273.15,-273.15,-273.15,-273.15,-273.15,-273.15,-273.15,-273.15,-273.15,-273.15,-273.15,-273.15,-273.15,-273.15,-273.15,-273.15,-273.15,-273.15,-273.15,-273.15,-273.15,-273.15,-273.15,-273.15,-273.15,-273.15,-273.15,-273.15,-273.15,-273.15,-273.15,-273.15,-273.15,-273.15,-273.15,-273.15,-273.15,-273.15,-273.15,-273.15,-273.15,-273.15,-273.15,-273.15,-273.15,-273.15,-273.15,-273.15,-273.15,-273.15,-273.15,-273.15,-273.15,-273.15,-273.15,-273.15,-273.15,-273.15,-273.15,-273.15,-273.15,-273.15,-273.15,-273.15,-273.15,-273.15,-273.15,-273.15,-273.15,-273.15,-273.15,-273.15,-273.15,-273.15,-273.15,-273.15,-273.15,-273.15,-273.15,-273.15,-273.15,-273.15,-273.15,-273.15,-273.15,-273.15,-273.15,-273.15,-273.15,-273.15,-273.15,-273.15,-273.15,-273.15,-273.15,-273.15,-273.15,-273.15,-273.15,-273.15,-273.15,-273.15,-273.15,-273.15,-273.15,-273.15,-273.15,-273.15,-273.15,-273.15,-273.15,-273.15,-273.15,-273.15,-273.15,-273.15,-273.15,-273.15,-273.15,-273.15,-273.15,-273.15,-273.15,-273.15,-273.15,-273.15,-273.15,-273.15,-273.15,-273.15,-273.15,-273.15,-273.15,-273.15,-273.15,-273.15,-273.15,-273.15,-273.15,-273.15,-273.15,-273.15,-273.15,-273.15,-273.15,-273.15,-273.15,-273.15,-273.15,-273.15,-273.15,-273.15,-273.15,-273.15,-273.15,-273.15,-273.15,-273.15,-273.15,-273.15,-273.15,-273.15,-273.15,-273.15,-273.15,-273.15,-273.15,-273.15,-273.15,-273.15,-273.15,-273.15,-273.15,-273.15,-273.15,-273.15,-273.15,-273.15,-273.15,-273.15,-273.15,-273.15,-273.15,-273.15,-273.15,-273.15,-273.15,-273.15,-273.15,-273.15,-273.15,-273.15,-273.15,-273.15,-273.15,-273.15,-273.15,-273.15,-273.15,-273.15,-273.15,-273.15,-273.15,-273.15,-273.15,-273.15,-273.15,-273.15,-273.15,-273.15,-273.15,-273.15,-273.15,-273.15,-273.15,-273.15,-273.15,-273.15,-273.15,-273.15,-273.15,-273.15,-273.15,-273.15,-273.15,-273.15,-273.15,-273.15,-273.15,-273.15,-273.15,-273.15,-273.15,-273.15,-273.15,-273.15,-273.15,-273.15,-273.15,-273.15,-273.15,-273.15,-273.15,-273.15,-273.15,-273.15,-273.15,-273.15,-273.15,-273.15,-273.15,-273.15,-273.15,-273.15,-273.15,-273.15,-273.15,-273.15,-273.15,-273.15,-273.15,-273.15,-273.15,-273.15,-273.15,-273.15,-273.15,-273.15,-273.15,-273.15,-273.15,-273.15,-273.15,-273.15,-273.15,-273.15,-273.15,-273.15,-273.15,-273.15,-273.15,-273.15,-273.15,-273.15,-273.15,-273.15,-273.15,-273.15,-273.15,-273.15,-273.15,-273.15,-273.15,-273.15,-273.15,-273.15,-273.15,-273.15,-273.15,-273.15,-273.15,-273.15,-273.15,-273.15,-273.15,-273.15,-273.15,-273.15,-273.15,-273.15,-273.15,-273.15,-273.15,-273.15,-273.15,-273.15,-273.15,-273.15,-273.15,-273.15,-273.15,-273.15,-273.15,-273.15,-273.15,-273.15,-273.15,-273.15,-273.15,-273.15,-273.15,-273.15,-273.15,-273.15,-273.15,-273.15,-273.15,-273.15,-273.15,-273.15,-273.15,-273.15,-273.15,-273.15,-273.15,-273.15,-273.15,-273.15,-273.15,-273.15,-273.15,-273.15,-273.15,-273.15,-273.15,-273.15,-273.15,-273.15,-273.15,-273.15,-273.15,-273.15,-273.15,-273.15,-273.15,-273.15,-273.15,-273.15,-273.15,-273.15,-273.15,-273.15,-273.15,-273.15,-273.15,-273.15,-273.15,-273.15,-273.15,-273.15,-273.15,-273.15,-273.15,-273.15,-273.15,-273.15,-273.15,-273.15,-273.15,-273.15,-273.15,-273.15,-273.15,-273.15,-273.15,-273.15,-273.15,-273.15,-273.15,-273.15,-273.15,-273.15,-273.15,-273.15,-273.15,-273.15,-273.15,-273.15,-273.15,-273.15,-273.15,-273.15,-273.15,-273.15,-273.15,-273.15,-273.15,-273.15,-273.15,-273.15,-273.15,-273.15,-273.15,-273.15,-273.15,-273.15,-273.15,-273.15,-273.15,-273.15,-273.15,-273.15,-273.15,-273.15,-273.15,-273.15,-273.15,-273.15,-273.15,-273.15,-273.15,-273.15,-273.15,-273.15,-273.15,-273.15,-273.15,-273.15,-273.15,-273.15,-273.15,-273.15,-273.15,-273.15,-273.15,-273.15,-273.15,-273.15,-273.15,-273.15,-273.15,-273.15,-273.15,-273.15,-273.15,-273.15,-273.15,-273.15,-273.15,-273.15,-273.15,-273.15,-273.15,-273.15,-273.15,-273.15,-273.15,-273.15,-273.15,-273.15,-273.15,-273.15,-273.15,-273.15,-273.15,-273.15,-273.15,-273.15,-273.15,-273.15,-273.15,-273.15,-273.15,-273.15,-273.15,-273.15,-273.15,-273.15,-273.15,-273.15,-273.15,-273.15,-273.15,-273.15,-273.15,-273.15,-273.15,-273.15,-273.15,-273.15,-273.15,-273.15,-273.15,-273.15,-273.15,-273.15,-273.15,-273.15,-273.15,-273.15,-273.15,-273.15,-273.15,-273.15,-273.15,-273.15,-273.15,-273.15,-273.15,-273.15,-273.15,-273.15,-273.15,-273.15,-273.15,-273.15,-273.15,-273.15,-273.15,-273.15,-273.15,-273.15,-273.15,-273.15,-273.15,-273.15,-273.15,-273.15,-273.15,-273.15,-273.15,-273.15,-273.15,-273.15,-273.15,-273.15,-273.15,-273.15,-273.15,-273.15,-273.15,-273.15,-273.15,-273.15,-273.15,-273.15,-273.15,-273.15,-273.15,-273.15,-273.15,-273.15,-273.15,-273.15,-273.15,-273.15,-273.15,-273.15,-273.15,-273.15,-273.15,-273.15,-273.15,-273.15,-273.15,-273.15,-273.15,-273.15,-273.15,-273.15,-273.15,-273.15,-273.15,-273.15,-273.15,-273.15,-273.15,-273.15,-273.15,-273.15,-273.15,-273.15,-273.15,-273.15,-273.15,-273.15,-273.15,-273.15,-273.15,-273.15,-273.15,-273.15,-273.15,-273.15,-273.15,-273.15,-273.15,-273.15,-273.15,-273.15,-273.15,-273.15,-273.15,-273.15,-273.15,-273.15,-273.15,-273.15,-273.15,-273.15,-273.15,-273.15,-273.15,-273.15,-273.15,-273.15,-273.15,-273.15,-273.15,-273.15,-273.15,-273.15,-273.15,-273.15,-273.15,-273.15,-273.15,-273.15,-273.15,-273.15,-273.15,-273.15,-273.15,-273.15,-273.15,-273.15,-273.15,-273.15,-273.15,-273.15,-273.15,-273.15,-273.15,-273.15,-273.15,-273.15,-273.15,-273.15,-273.15,-273.15,-273.15,-273.15,-273.15,-273.15,-273.15,-273.15,-273.15,-273.15,-273.15,-273.15,-273.15,-273.15,-273.15,-273.15,-273.15,-273.15,-273.15,-273.15,-273.15,-273.15,-273.15,-273.15Beginning setup
Ending setup
Beginning loop
Step Mode is .. Eighth...
Step Mode is .. Eighth...
image size: 704.00 x 528.00
<<<<1>>>>
-273.15,Beginning setup
Ending setup
Beginning loop
Step Mode is .. Eighth...
Step Mode is .. Eighth...
image size: 704.00 x 528.00
<<<<1>>>>
-273.15,Beginning setup
Ending setup
Beginning loop
Step Mode is .. Eighth...
Step Mode is .. Eighth...
image size: 704.00 x 528.00
<<<<1>>>>
-273.15,Beginning setup
Ending setup
Beginning loop
Step Mode is .. Eighth...
Step Mode is .. Eighth...
image size: 704.00 x 528.00
<<<<1>>>>
-273.15,Beginning setup
Ending setup
Beginning loop
Step Mode is .. Eighth...
Step Mode is .. Eighth...
image size: 704 x 528
<1>
-273.15,-273.15,-273.15,-273.15,-273.15,-273.15,-273.15,-273.15,-273.15,-273.15,-273.15,-273.15,-273.15,-273.15,-273.15,-273.15,-273.15,-273.15,-273.15,-273.15,-273.15,-273.15,-273.15,-273.15,-273.15,-273.15,-273.15,-273.15,-273.15,-273.15,-273.15,-273.15,-273.15,-273.15,-273.15,-273.15,-273.15,-273.15,-273.15,-273.15,-273.15,-273.15,-273.15,-273.15,-273.15,-273.15,-273.15,-273.15,-273.15,-273.15,-273.15,-273.15,-273.15,-273.15,-273.15,-273.15,-273.15,-273.15,-273.15,-273.15,-273.15,-273.15,-273.15,-273.15,-273.15,-273.15,-273.15,-273.15,-273.15,-273.15,-273.15,-273.15,-273.15,-273.15,-273.15,-273.15,-273.15,-273.15,-273.15,-273.15,-273.15,-273.15,-273.15,-273.15,-273.15,-273.15,-273.15,-273.15,-273.15,-273.15,-273.15,-273.15,-273.15,-273.15,-273.15,-273.15,-273.15,-273.15,-273.15,-273.15,-273.15,-273.15,-273.15,-273.15,-273.15,-273.15,-273.15,-273.15,-273.15,-273.15,-273.15,-273.15,-273.15,-273.15,-273.15,-273.15,-273.15,-273.15,-273.15,-273.15,-273.15,-273.15,-273.15,-273.15,-273.15,-273.15,-273.15,-273.15,-273.15,-273.15,-273.15,-273.15,-273.15,-273.15,-273.15,-273.15,-273.15,-273.15,-273.15,-273.15,-273.15,-273.15,-273.15,-273.15,-273.15,-273.15,-273.15,-273.15,-273.15,-273.15,-273.15,-273.15,-273.15,-273.15,-273.15,-273.15,-273.15,-273.15,-273.15,-273.15,-273.15,-273.15,-273.15,-273.15,-273.15,-273.15,-273.15,-273.15,-273.15,-273.15,-273.15,-273.15,-273.15,-273.15,-273.15,-273.15,-273.15,-273.15,-273.15,-273.15,-273.15,-273.15,-273.15,-273.15,-273.15,-273.15,-273.15,-273.15,-273.15,-273.15,-273.15,-273.15,-273.15,-273.15,-273.15,-273.15,-273.15,-273.15,-273.15,-273.15,-273.15,-273.15,-273.15,-273.15,-273.15,-273.15,-273.15,-273.15,-273.15,-273.15,-273.15,-273.15,-273.15,-273.15,-273.15,-273.15,-273.15,-273.15,-273.15,-273.15,-273.15,-273.15,-273.15,-273.15,-273.15,-273.15,-273.15,-273.15,-273.15,-273.15,-273.15,-273.15,-273.15,-273.15,-273.15,-273.15,-273.15,-273.15,-273.15,-273.15,-273.15,-273.15,-273.15,-273.15,-273.15,-273.15,-273.15,-273.15,-273.15,-273.15,-273.15,-273.15,-273.15,-273.15,-273.15,-273.15,-273.15,-273.15,-273.15,-273.15,-273.15,-273.15,-273.15,-273.15,-273.15,-273.15,-273.15,-273.15,-273.15,-273.15,-273.15,-273.15,-273.15,-273.15,-273.15,-273.15,-273.15,-273.15,-273.15,-273.15,-273.15,-273.15,-273.15,-273.15,-273.15,-273.15,-273.15,-273.15,-273.15,-273.15,-273.15,-273.15,-273.15,-273.15,-273.15,-273.15,-273.15,-273.15,-273.15,-273.15,-273.15,-273.15,-273.15,-273.15,-273.15,-273.15,-273.15,-273.15,-273.15,-273.15,-273.15,-273.15,-273.15,-273.15,-273.15,-273.15,-273.15,-273.15,-273.15,-273.15,-273.15,-273.15,-273.15,-273.15,-273.15,-273.15,-273.15,-273.15,-273.15,-273.15,-273.15,-273.15,-273.15,-273.15,-273.15,-273.15,-273.15,-273.15,-273.15,-273.15,-273.15,-273.15,-273.15,-273.15,-273.15,-273.15,-273.15,-273.15,-273.15,-273.15,-273.15,-273.15,-273.15,-273.15,-273.15,-273.15,-273.15,-273.15,-273.15,-273.15,-273.15,-273.15,-273.15,-273.15,-273.15,-273.15,-273.15,-273.15,-273.15,-273.15,-273.15,-273.15,-273.15,-273.15,-273.15,-273.15,-273.15,-273.15,-273.15,-273.15,-273.15,-273.15,-273.15,-273.15,-273.15,-273.15,-273.15,-273.15,-273.15,-273.15,-273.15,-273.15,-273.15,-273.15,-273.15,-273.15,-273.15,-273.15,-273.15,-273.15,-273.15,-273.15,-273.15,-273.15,-273.15,-273.15,-273.15,-273.15,-273.15,-273.15,-273.15,-273.15,-273.15,-273.15,-273.15,-273.15,-273.15,-273.15,-273.15,-273.15,-273.15,-273.15,-273.15,-273.15,-273.15,-273.15,-273.15,-273.15,-273.15,-273.15,-273.15,-273.15,-273.15,-273.15,-273.15,-273.15,-273.15,-273.15,-273.15,-273.15,-273.15,-273.15,-273.15,-273.15,-273.15,-273.15,-273.15,-273.15,-273.15,-273.15,-273.15,-273.15,-273.15,-273.15,-273.15,-273.15,-273.15,-273.15,-273.15,-273.15,-273.15,-273.15,-273.15,-273.15,-273.15,-273.15,-273.15,-273.15,-273.15,-273.15,-273.15,-273.15,-273.15,-273.15,-273.15,-273.15,-273.15,-273.15,-273.15,-273.15,-273.15,-273.15,-273.15,-273.15,-273.15,-273.15,-273.15,-273.15,-273.15,-273.15,-273.15,-273.15,-273.15,-273.15,-273.15,-273.15,-273.15,-273.15,-273.15,-273.15,-273.15,-273.15,-273.15,-273.15,-273.15,-273.15,-273.15,-273.15,-273.15,-273.15,-273.15,-273.15,-273.15,-273.15,-273.15,-273.15,-273.15,-273.15,-273.15,-273.15,-273.15,-273.15,-273.15,-273.15,-273.15,-273.15,-273.15,<2>
-273.15,Beginning setup
Ending setup
Beginning loop
Step Mode is .. Eighth...
Step Mode is .. Eighth...
image size: 704 x 528
<1>
-273.15,-273.15,-273.15,-273.15,-273.15,-273.15,-273.15,-273.15,-273.15,-273.15,-273.15,-273.15,-273.15,-273.15,-273.15,-273.15,-273.15,-273.15,-273.15,-273.15,-273.15,-273.15,-273.15,-273.15,-273.15,-273.15,-273.15,-273.15,-273.15,-273.15,-273.15,-273.15,-273.15,-273.15,-273.15,-273.15,-273.15,-273.15,-273.15,-273.15,-273.15,-273.15,-273.15,-273.15,-273.15,-273.15,-273.15,-273.15,-273.15,-273.15,-273.15,-273.15,-273.15,-273.15,-273.15,-273.15,-273.15,-273.15,-273.15,-273.15,-273.15,-273.15,-273.15,-273.15,-273.15,-273.15,-273.15,-273.15,-273.15,-273.15,-273.15,-273.15,-273.15,-273.15,-273.15,-273.15,-273.15,-273.15,-273.15,-273.15,-273.15,-273.15,-273.15,-273.15,-273.15,-273.15,-273.15,-273.15,-273.15,-273.15,-273.15,-273.15,-273.15,-273.15,-273.15,-273.15,-273.15,-273.15,-273.15,-273.15,-273.15,-273.15,-273.15,-273.15,-273.15,-273.15,-273.15,-273.15,-273.15,-273.15,-273.15,-273.15,-273.15,-273.15,-273.15,-273.15,-273.15,-273.15,-273.15,-273.15,-273.15,-273.15,-273.15,-273.15,-273.15,-273.15,-273.15,-273.15,-273.15,-273.15,-273.15,-273.15,-273.15,-273.15,-273.15,-273.15,-273.15,-273.15,-273.15,-273.15,-273.15,-273.15,-273.15,-273.15,-273.15,-273.15,-273.15,-273.15,-273.15,-273.15,-273.15,-273.15,-273.15,-273.15,-273.15,-273.15,-273.15,-273.15,-273.15,-273.15,-273.15,-273.15,-273.15,-273.15,-273.15,-273.15,-273.15,-273.15,-273.15,-273.15,-273.15,-273.15,-273.15,-273.15,-273.15,-273.15,-273.15,-273.15,-273.15,-273.15,-273.15,-273.15,-273.15,-273.15,-273.15,-273.15,-273.15,-273.15,-273.15,-273.15,-273.15,-273.15,-273.15,-273.15,-273.15,-273.15,-273.15,-273.15,-273.15,-273.15,-273.15,-273.15,-273.15,-273.15,-273.15,-273.15,-273.15,-273.15,-273.15,-273.15,-273.15,-273.15,-273.15,-273.15,-273.15,-273.15,-273.15,-273.15,-273.15,-273.15,-273.15,-273.15,-273.15,-273.15,-273.15,-273.15,-273.15,-273.15,-273.15,-273.15,-273.15,-273.15,-273.15,-273.15,-273.15,-273.15,-273.15,-273.15,-273.15,-273.15,-273.15,-273.15,-273.15,-273.15,-273.15,-273.15,-273.15,-273.15,-273.15,-273.15,-273.15,-273.15,-273.15,-273.15,-273.15,-273.15,-273.15,-273.15,-273.15,-273.15,-273.15,-273.15,-273.15,-273.15,-273.15,-273.15,-273.15,-273.15,-273.15,-273.15,-273.15,-273.15,-273.15,-273.15,-273.15,-273.15,-273.15,-273.15,-273.15,-273.15,-273.15,-273.15,-273.15,-273.15,-273.15,-273.15,-273.15,-273.15,-273.15,-273.15,-273.15,-273.15,-273.15,-273.15,-273.15,-273.15,-273.15,-273.15,-273.15,-273.15,-273.15,-273.15,-273.15,-273.15,-273.15,-273.15,-273.15,-273.15,-273.15,-273.15,-273.15,-273.15,-273.15,-273.15,-273.15,-273.15,-273.15,-273.15,-273.15,-273.15,-273.15,-273.15,-273.15,-273.15,-273.15,-273.15,-273.15,-273.15,-273.15,-273.15,-273.15,-273.15,-273.15,-273.15,-273.15,-273.15,-273.15,-273.15,-273.15,-273.15,-273.15,-273.15,-273.15,-273.15,-273.15,-273.15,-273.15,-273.15,-273.15,-273.15,-273.15,-273.15,-273.15,-273.15,-273.15,-273.15,-273.15,-273.15,-273.15,-273.15,-273.15,-273.15,-273.15,-273.15,-273.15,-273.15,-273.15,-273.15,-273.15,-273.15,-273.15,-273.15,-273.15,-273.15,-273.15,-273.15,-273.15,-273.15,-273.15,-273.15,-273.15,-273.15,-273.15,-273.15,-273.15,-273.15,-273.15,-273.15,-273.15,-273.15,-273.15,-273.15,-273.15,-273.15,-273.15,-273.15,-273.15,-273.15,-273.15,-273.15,-273.15,-273.15,-273.15,-273.15,-273.15,-273.15,-273.15,-273.15,-273.15,-273.15,-273.15,-273.15,-273.15,-273.15,-273.15,-273.15,-273.15,-273.15,-273.15,-273.15,-273.15,-273.15,-273.15,-273.15,-273.15,-273.15,-273.15,-273.15,-273.15,-273.15,-273.15,-273.15,-273.15,-273.15,-273.15,-273.15,-273.15,-273.15,-273.15,-273.15,-273.15,-273.15,-273.15,-273.15,-273.15,-273.15,-273.15,-273.15,-273.15,-273.15,-273.15,-273.15,-273.15,-273.15,-273.15,-273.15,-273.15,-273.15,-273.15,-273.15,-273.15,-273.15,-273.15,-273.15,-273.15,-273.15,-273.15,-273.15,-273.15,-273.15,-273.15,-273.15,-273.15,-273.15,-273.15,-273.15,-273.15,-273.15,-273.15,-273.15,-273.15,-273.15,-273.15,-273.15,-273.15,-273.15,-273.15,-273.15,-273.15,-273.15,-273.15,-273.15,-273.15,-273.15,-273.15,-273.15,-273.15,-273.15,-273.15,-273.15,-273.15,-273.15,-273.15,-273.15,-273.15,-273.15,-273.15,-273.15,-273.15,-273.15,-273.15,-273.15,-273.15,-273.15,-273.15,-273.15,-273.15,-273.15,-273.15,-273.15,-273.15,-273.15,-273.15,-273.15,-273.15,-273.15,-273.15,<2>
-273.15,Beginning setup
Ending setup
Step Mode is .. Eighth...
Step Mode is .. Eighth...
image size: 704 x 528

<1>
-273.15,-273.15,-273.15,-273.15,-273.15,-273.15,-273.15,-273.15,-273.15,-273.15,-273.15,-273.15,-273.15,-273.15,-273.15,-273.15,-273.15,-273.15,-273.15,-273.15,-273.15,-273.15,-273.15,-273.15,-273.15,-273.15,-273.15,-273.15,-273.15,-273.15,-273.15,-273.15,-273.15,-273.15,-273.15,-273.15,-273.15,-273.15,-273.15,-273.15,-273.15,-273.15,-273.15,-273.15,-273.15,-273.15,-273.15,-273.15,-273.15,-273.15,-273.15,-273.15,-273.15,-273.15,-273.15,-273.15,-273.15,-273.15,-273.15,-273.15,-273.15,-273.15,-273.15,-273.15,-273.15,-273.15,-273.15,-273.15,-273.15,-273.15,-273.15,-273.15,-273.15,-273.15,-273.15,-273.15,-273.15,-273.15,-273.15,-273.15,-273.15,-273.15,-273.15,-273.15,-273.15,-273.15,-273.15,-273.15,-273.15,-273.15,-273.15,-273.15,-273.15,-273.15,-273.15,-273.15,-273.15,-273.15,-273.15,-273.15,-273.15,-273.15,-273.15,-273.15,-273.15,-273.15,-273.15,-273.15,-273.15,-273.15,-273.15,-273.15,-273.15,-273.15,-273.15,-273.15,-273.15,-273.15,-273.15,-273.15,-273.15,-273.15,-273.15,-273.15,-273.15,-273.15,-273.15,-273.15,-273.15,-273.15,-273.15,-273.15,-273.15,-273.15,-273.15,-273.15,-273.15,-273.15,-273.15,-273.15,-273.15,-273.15,-273.15,-273.15,-273.15,-273.15,-273.15,-273.15,-273.15,-273.15,-273.15,-273.15,-273.15,-273.15,-273.15,-273.15,-273.15,-273.15,-273.15,-273.15,-273.15,-273.15,-273.15,-273.15,-273.15,-273.15,-273.15,-273.15,-273.15,-273.15,-273.15,-273.15,-273.15,-273.15,-273.15,-273.15,-273.15,-273.15,-273.15,-273.15,-273.15,-273.15,-273.15,-273.15,-273.15,-273.15,-273.15,-273.15,-273.15,-273.15,-273.15,-273.15,-273.15,-273.15,-273.15,-273.15,-273.15,-273.15,-273.15,-273.15,-273.15,-273.15,-273.15,-273.15,-273.15,-273.15,-273.15,-273.15,-273.15,-273.15,-273.15,-273.15,-273.15,-273.15,-273.15,-273.15,-273.15,-273.15,-273.15,-273.15,-273.15,-273.15,-273.15,-273.15,-273.15,-273.15,-273.15,-273.15,-273.15,-273.15,-273.15,-273.15,-273.15,-273.15,-273.15,-273.15,-273.15,-273.15,-273.15,-273.15,-273.15,-273.15,-273.15,-273.15,-273.15,-273.15,-273.15,-273.15,-273.15,-273.15,-273.15,-273.15,-273.15,-273.15,-273.15,-273.15,-273.15,-273.15,-273.15,-273.15,-273.15,-273.15,-273.15,-273.15,-273.15,-273.15,-273.15,-273.15,-273.15,-273.15,-273.15,-273.15,-273.15,-273.15,-273.15,-273.15,-273.15,-273.15,-273.15,-273.15,-273.15,-273.15,-273.15,-273.15,-273.15,-273.15,-273.15,-273.15,-273.15,-273.15,-273.15,-273.15,-273.15,-273.15,-273.15,-273.15,-273.15,-273.15,-273.15,-273.15,-273.15,-273.15,-273.15,-273.15,-273.15,-273.15,-273.15,-273.15,-273.15,-273.15,-273.15,-273.15,-273.15,-273.15,-273.15,-273.15,-273.15,-273.15,-273.15,-273.15,-273.15,-273.15,-273.15,-273.15,-273.15,-273.15,-273.15,-273.15,-273.15,-273.15,-273.15,-273.15,-273.15,-273.15,-273.15,-273.15,-273.15,-273.15,-273.15,-273.15,-273.15,-273.15,-273.15,-273.15,-273.15,-273.15,-273.15,-273.15,-273.15,-273.15,-273.15,-273.15,-273.15,-273.15,-273.15,-273.15,-273.15,-273.15,-273.15,-273.15,-273.15,-273.15,-273.15,-273.15,-273.15,-273.15,-273.15,-273.15,-273.15,-273.15,-273.15,-273.15,-273.15,-273.15,-273.15,-273.15,-273.15,-273.15,-273.15,-273.15,-273.15,-273.15,-273.15,-273.15,-273.15,-273.15,-273.15,-273.15,-273.15,-273.15,-273.15,-273.15,-273.15,-273.15,-273.15,-273.15,-273.15,-273.15,-273.15,-273.15,-273.15,-273.15,-273.15,-273.15,-273.15,-273.15,-273.15,-273.15,-273.15,-273.15,-273.15,-273.15,-273.15,-273.15,-273.15,-273.15,-273.15,-273.15,-273.15,-273.15,-273.15,-273.15,-273.15,-273.15,-273.15,-273.15,-273.15,-273.15,-273.15,-273.15,-273.15,-273.15,-273.15,-273.15,-273.15,-273.15,-273.15,-273.15,-273.15,-273.15,-273.15,-273.15,-273.15,-273.15,-273.15,-273.15,-273.15,-273.15,-273.15,-273.15,-273.15,-273.15,-273.15,-273.15,-273.15,-273.15,-273.15,-273.15,-273.15,-273.15,-273.15,-273.15,-273.15,-273.15,-273.15,-273.15,-273.15,-273.15,-273.15,-273.15,-273.15,-273.15,-273.15,-273.15,-273.15,-273.15,-273.15,-273.15,-273.15,-273.15,-273.15,-273.15,-273.15,-273.15,-273.15,-273.15,-273.15,-273.15,-273.15,-273.15,-273.15,-273.15,-273.15,-273.15,-273.15,-273.15,-273.15,-273.15,-273.15,-273.15,-273.15,-273.15,-273.15,-273.15,-273.15,-273.15,-273.15,-273.15,-273.15,-273.15,-273.15,-273.15,-273.15,-273.15,-273.15,-273.15,-273.15,-273.15,-273.15,-273.15,-273.15,-273.15,-273.15,-273.15,-273.15,-273.15,-273.15,
<2>
Beginning setup
Ending setup
Step Mode is .. Eighth...
Step Mode is .. Eighth...
image size: 704 x 528

<1>
-273.15,-273.15,-273.15,-273.15,-273.15,-273.15,-273.15,-273.15,-273.15,-273.15,-273.15,-273.15,-273.15,-273.15,-273.15,-273.15,-273.15,-273.15,-273.15,-273.15,-273.15,-273.15,-273.15,-273.15,-273.15,-273.15,-273.15,-273.15,-273.15,-273.15,-273.15,-273.15,-273.15,-273.15,-273.15,-273.15,-273.15,-273.15,-273.15,-273.15,-273.15,-273.15,-273.15,-273.15,-273.15,-273.15,-273.15,-273.15,-273.15,-273.15,-273.15,-273.15,-273.15,-273.15,-273.15,-273.15,-273.15,-273.15,-273.15,-273.15,-273.15,-273.15,-273.15,-273.15,-273.15,-273.15,-273.15,-273.15,-273.15,-273.15,-273.15,-273.15,-273.15,-273.15,-273.15,-273.15,-273.15,-273.15,-273.15,-273.15,-273.15,-273.15,-273.15,-2Beginning setup
Ending setup
Step Mode is .. Eighth...
Step Mode is .. Eighth...
image size: 704 x 528

<1>
019.45,019.45,019.45,019.45,019.45,019.45,019.45,019.45,019.45,019.45,019.45,019.45,019.35,019.35,019.35,019.35,019.35,019.35,019.35,019.35,019.35,019.35,019.35,019.35,019.33,019.33,019.33,019.33,019.33,019.33,019.33,019.33,019.33,019.33,019.33,019.35,019.35,019.35,019.35,019.35,019.35,019.35,019.35,019.35,019.35,019.35,019.35,019.33,019.33,019.33,019.33,019.33,019.33,019.33,019.33,019.33,019.33,019.33,019.33,019.33,019.33,019.33,019.33,019.33,019.33,019.33,019.33,019.33,019.33,019.33,019.33,019.33,019.33,019.33,019.33,019.33,019.33,019.33,019.33,019.33,019.33,019.33,019.35,019.35,019.35,019.35,019.35,019.35,019.35,019.35,019.35,019.35,019.35,019.35,019.35,019.35,019.35,019.35,019.35,019.35,019.35,019.35,019.35,019.35,019.35,019.29,019.29,019.29,019.29,019.29,019.29,019.29,019.29,019.29,019.29,019.29,019.29,019.35,019.35,019.35,019.35,019.35,019.35,019.35,019.35,019.35,019.35,019.35,019.35,019.33,019.33,019.33,019.33,019.33,019.33,019.33,019.33,019.33,019.33,019.33,019.35,019.35,019.35,019.35,019.35,019.35,019.35,019.35,019.35,019.35,019.35,019.35,019.33,019.33,019.33,019.33,019.33,019.33,019.33,019.33,019.33,019.33,019.33,019.33,019.33,019.33,019.33,019.33,019.33,019.33,019.33,019.33,019.33,019.33,019.33,019.33,019.33,019.33,019.33,019.33,019.33,019.33,019.33,019.33,019.33,019.33,019.33,019.35,019.35,019.35,019.35,019.35,019.35,019.35,019.35,019.35,019.35,019.35,019.35,019.35,019.35,019.35,019.35,019.35,019.35,019.35,019.35,019.35,019.35,019.35,019.35,019.35,019.35,019.35,019.35,019.35,019.35,019.35,019.35,019.35,019.35,019.35,019.33,019.33,019.33,019.33,019.33,019.33,019.33,019.33,019.33,019.33,019.33,019.33,019.35,019.35,019.35,019.35,019.35,019.35,019.35,019.35,019.35,019.35,019.35,019.35,019.33,019.33,019.33,019.33,019.33,019.33,019.33,019.33,019.33,019.33,019.33,019.35,019.35,019.35,019.35,019.35,019.35,019.35,019.35,019.35,019.35,019.35,019.35,019.35,019.35,019.35,019.35,019.35,019.35,019.35,019.35,019.35,019.35,019.35,019.35,019.39,019.39,019.39,019.39,019.39,019.39,019.39,019.39,019.39,019.39,019.39,019.35,019.35,019.35,019.35,019.35,019.35,019.35,019.35,019.35,019.35,019.35,019.35,019.33,019.33,019.33,019.33,019.33,019.33,019.33,019.33,019.33,019.33,019.33,019.33,019.33,019.33,019.33,019.33,019.33,019.33,019.33,019.33,019.33,019.33,019.33,019.35,019.35,019.35,019.35,019.35,019.35,019.35,019.35,019.35,019.35,019.35,019.35,019.35,019.35,019.35,019.35,019.35,019.35,019.35,019.35,019.35,019.35,019.35,019.35,019.35,019.35,019.35,019.35,019.35,019.35,019.35,019.35,019.35,019.35,019.35,019.33,019.33,019.33,019.33,019.33,019.33,019.33,019.33,019.33,019.33,019.33,019.33,019.35,019.35,019.35,019.35,019.35,019.35,019.35,019.35,019.35,019.35,019.35,019.35,019.33,019.33,019.33,019.33,019.33,019.33,019.33,019.33,019.33,019.33,019.33,019.33,019.33,019.33,019.33,019.33,019.33,019.33,019.33,019.33,019.33,019.33,019.33,019.33,019.33,019.33,019.33,019.33,019.33,019.33,019.33,019.33,019.33,019.33,019.33,019.35,019.35,019.35,019.35,019.35,019.35,019.35,019.35,019.35,019.35,019.35,019.33,019.33,019.33,019.33,019.33,019.33,019.33,019.33,019.33,019.33,019.33,019.33,019.35,019.35,019.35,019.35,019.35,019.35,019.35,019.35,019.35,019.35,019.35,019.35,019.29,019.29,019.29,019.29,019.29,019.29,019.29,019.29,019.29,019.29,019.29,019.35,019.35,019.35,019.35,019.35,019.35,019.35,019.35,019.35,019.35,019.35,019.35,019.35,019.35,019.35,019.35,019.35,019.35,019.35,019.35,019.35,019.35,019.35,019.35,019.33,019.33,019.33,019.33,019.33,019.33,019.33,019.33,019.33,019.33,019.33,019.35,019.35,019.35,019.35,019.35,019.35,019.35,019.35,019.35,019.35,019.35,019.35,019.33,019.33,019.33,019.33,019.33,019.33,019.33,019.33,019.33,019.33,019.33,019.33,019.35,
<2>
019.35,019.35,019.35,019.35,019.35,019.35,019.35,019.35,019.35,019.35,019.35,019.35,019.35,019.35,019.35,019.35,019.35,019.35,019.35,019.35,019.35,019.33,019.33,019.33,019.33,019.33,019.33,019.33,019.33,019.33,019.33,019.33,019.33,019.35,019.35,019.35,019.35,019.35,019.35,019.35,019.35,019.35,019.35,019.35,019.35,019.35,019.35,019.35,019.35,019.35,019.35,019.35,019.35,019.35,019.35,019.35,019.33,019.33,019.33,019.33,019.33,019.33,019.33,019.33,019.33,019.33,019.33,019.33,019.41,019.41,019.41,019.41,019.41,019.41,019.41,019.41,019.41,019.41,019.41,019.41,019.35,019.35,019.35,019.35,019.35,019.35,019.35,019.35,019.35,019.35,019.35,019.35,019.35,019.35,019.35,019.35,019.35,019.35,019.35,019.35,019.35,019.35,019.35,019.35,019.35,019.35,019.35,019.35,019.35,019.35,019.35,019.35,019.35,019.35,019.35,019.33,019.33,019.33,019.33,019.33,019.33,019.33,019.33,019.33,019.33,019.33,019.33,019.33,019.33,019.33,019.33,019.33,019.33,019.33,019.33,019.33,019.33,019.33,019.33,019.33,019.33,019.33,019.33,019.33,019.33,019.33,019.33,019.33,019.33,019.33,019.35,019.35,019.35,019.35,019.35,019.35,019.35,019.35,019.35,019.35,019.35,019.35,019.35,019.35,019.35,019.35,019.35,019.35,019.35,019.35,019.35,019.35,019.35,019.33,019.33,019.33,019.33,019.33,019.33,019.33,019.33,019.33,019.33,019.33,019.33,019.35,019.35,019.35,019.35,019.35,019.35,019.35,019.35,019.35,019.35,019.35,019.35,019.35,019.35,019.35,019.35,019.35,019.35,019.35,019.35,019.35,019.35,019.35,019.33,019.33,019.33,019.33,019.33,019.33,019.33,019.33,019.33,019.33,019.33,019.33,019.35,019.35,019.35,019.35,019.35,019.35,019.35,019.35,019.35,019.35,019.35,019.35,019.33,019.33,019.33,019.33,019.33,019.33,019.33,019.33,019.33,019.33,019.33,019.33,019.33,019.33,019.33,019.33,019.33,019.33,019.33,019.33,019.33,019.33,019.33,019.35,019.35,019.35,019.35,019.35,019.35,019.35,019.35,019.35,019.35,019.35,019.35,019.33,019.33,019.33,019.33,019.33,019.33,019.33,019.33,019.33,019.33,019.33,019.29,019.29,019.29,019.29,019.29,019.29,019.29,019.29,019.29,019.29,019.29,019.29,019.29,019.29,019.29,019.29,019.29,019.29,019.29,019.29,019.29,019.29,019.29,019.29,019.33,019.33,019.33,019.33,019.33,019.33,019.33,019.33,019.33,019.33,019.33,019.33,019.33,019.33,019.33,019.33,019.33,019.33,019.33,019.33,019.33,019.33,019.33,019.35,019.35,019.35,019.35,019.35,019.35,019.35,019.35,019.35,019.35,019.35,019.35,019.35,019.35,019.35,019.35,019.35,019.35,019.35,019.35,019.35,019.35,019.35,019.29,019.29,019.29,019.29,019.29,019.29,019.29,019.29,019.29,019.29,019.29,019.29,019.35,019.35,019.35,019.35,019.35,019.35,019.35,019.35,019.35,019.35,019.35,019.35,019.33,019.33,019.33,019.33,019.33,019.33,019.33,019.33,019.33,019.33,019.33,019.33,019.33,019.33,019.33,019.33,019.33,019.33,019.33,019.33,019.33,019.33,019.33,019.33,019.33,019.33,019.33,019.33,019.33,019.33,019.33,019.33,019.33,019.33,019.33,019.35,019.35,019.35,019.35,019.35,019.35,019.35,019.35,019.35,019.35,019.35,019.33,019.33,019.33,019.33,019.33,019.33,019.33,019.33,019.33,019.33,019.33,019.33,019.29,019.29,019.29,019.29,019.29,019.29,019.29,019.29,019.29,019.29,019.29,019.29,019.35,019.35,019.35,019.35,019.35,019.35,019.35,019.35,019.35,019.35,019.35,019.35,019.35,019.35,019.35,019.35,019.35,019.35,019.35,019.35,019.35,019.35,019.35,019.33,019.33,019.33,019.33,019.33,019.33,019.33,019.33,019.33,019.33,019.33,019.33,019.35,019.35,019.35,019.35,019.35,019.35,019.35,019.35,019.35,019.35,019.35,019.35,019.33,019.33,019.33,019.33,019.33,019.33,019.33,019.33,019.33,019.33,019.33,019.33,019.33,019.33,019.33,019.33,019.33,019.33,019.33,019.33,019.33,019.33,019.33,019.33,019.33,019.33,019.33,019.33,019.33,019.33,019.33,019.33,019.33,019.33,019.33,019.33,019.33,019.33,019.33,
<3>
019.33,019.33,019.33,019.33,019.33,019.33,019.35,019.35,019.35,019.35,019.35,019.35,019.35,019.35,019.35,019.35,019.35,019.35,019.29,019.29,019.29,019.29,019.29,019.29,019.29,019.29,019.29,019.29,019.29,019.29,019.29,019.29,019.29,019.29,019.29,019.29,019.29,019.29,019.29,019.29,019.29,019.33,019.33,019.33,019.33,019.33,019.33,019.33,019.33,019.33,019.33,019.33,019.33,019.35,019.35,019.35,019.35,019.35,019.35,019.35,019.35,019.35,019.35,019.35,019.35,019.35,019.35,019.35,019.35,019.35,019.35,019.35,019.35,019.35,019.35,019.35,019.35,019.35,019.35,019.35,019.35,019.35,019.35,019.35,019.35,019.35,019.35,019.35,019.33,019.33,019.33,019.33,019.33,019.33,019.33,019.33,019.33,019.33,019.33,019.33,019.33,019.33,019.33,019.33,019.33,019.33,019.33,019.33,019.33,019.33,019.33,019.33,019.35,019.35,019.35,019.35,019.35,019.35,019.35,019.35,019.35,019.35,019.35,019.33,019.33,019.33,019.33,019.33,019.33,019.33,019.33,019.33,019.33,019.33,019.33,019.29,019.29,019.29,019.29,019.29,019.29,019.29,019.29,019.29,019.29,019.29,019.29,019.33,019.33,019.33,019.33,019.33,019.33,019.33,Beginning setup
Ending setup
Step Mode is .. Eighth...
Step Mode is .. Eighth...
image size: 704 x 528

<1>
019.93,019.93,019.93,019.93,019.93,019.93,019.93,019.93,019.93,019.93,019.93,019.93,019.93,019.93,019.93,019.93,019.93,019.89,019.89,019.89,019.89,019.89,019.89,019.89,019.89,019.89,019.89,019.89,019.89,019.89,019.89,019.89,019.89,019.89,019.89,019.89,019.89,019.89,019.89,019.89,019.89,019.89,019.89,019.89,019.89,019.89,019.89,019.89,019.89,019.89,019.89,019.89,019.89,019.89,019.89,019.89,019.89,019.89,019.89,019.89,019.89,019.89,019.89,019.89,019.89,019.89,019.89,019.89,019.89,019.89,019.89,019.89,019.89,019.89,019.89,019.89,019.89,019.89,019.89,019.89,019.89,019.89,019.89,019.89,019.89,019.89,019.89,019.87,019.87,019.87,019.87,019.87,019.87,019.87,019.87,019.87,019.87,019.87,019.87,019.87,019.87,019.87,019.87,019.87,019.87,019.87,019.87,019.87,019.87,019.87,019.87,019.87,019.87,019.87,019.87,019.87,019.87,019.87,019.87,019.87,019.87,019.87,019.87,019.87,019.87,019.87,019.87,019.87,019.87,019.87,019.87,019.87,019.87,019.87,019.89,019.89,019.89,019.89,019.89,019.89,019.89,019.89,019.89,019.89,019.89,019.89,019.89,019.89,019.89,019.89,019.89,019.89,019.89,019.89,019.89,019.89,019.89,019.89,019.89,019.89,019.89,019.89,019.89,019.89,019.89,019.89,019.89,019.89,019.89,019.87,019.87,019.87,019.87,019.87,019.87,019.87,019.87,019.87,019.87,019.87,019.87,019.87,019.87,019.87,019.87,019.87,019.87,019.87,019.87,019.87,019.87,019.87,019.83,019.83,019.83,019.83,019.83,019.83,019.83,019.83,019.83,019.83,019.83,019.83,019.93,019.93,019.93,019.93,019.93,019.93,019.93,019.93,019.93,019.93,019.93,019.93,019.93,019.93,019.93,019.93,019.93,019.93,019.93,019.93,019.93,019.93,019.93,019.93,019.93,019.93,019.93,019.93,019.93,019.93,019.93,019.93,019.93,019.93,019.93,019.95,019.95,019.95,019.95,019.95,019.95,019.95,019.95,019.95,019.95,019.95,019.95,019.93,019.93,019.93,019.93,019.93,019.93,019.93,019.93,019.93,019.93,019.93,019.93,019.93,019.93,019.93,019.93,019.93,019.93,019.93,019.93,019.93,019.93,019.93,019.93,019.93,019.93,019.93,019.93,019.93,019.93,019.93,019.93,019.93,019.93,019.93,019.93,019.93,019.93,019.93,019.93,019.93,019.93,019.93,019.93,019.93,019.93,019.89,019.89,019.89,019.89,019.89,019.89,019.89,019.89,019.89,019.89,019.89,019.89,019.89,019.89,019.89,019.89,019.89,019.89,019.89,019.89,019.89,019.89,019.89,019.89,019.87,019.87,019.87,019.87,019.87,019.87,019.87,019.87,019.87,019.87,019.87,019.89,019.89,019.89,019.89,019.89,019.89,019.89,019.89,019.89,019.89,019.89,019.89,019.93,019.93,019.93,019.93,019.93,019.93,019.93,019.93,019.93,019.93,019.93,019.93,019.89,019.89,019.89,019.89,019.89,019.89,019.89,019.89,019.89,019.89,019.89,019.87,019.87,019.87,019.87,019.87,019.87,019.87,019.87,019.87,019.87,019.87,019.87,019.89,019.89,019.89,019.89,019.89,019.89,019.89,019.89,019.89,019.89,019.89,019.89,019.89,019.89,019.89,019.89,019.89,019.89,019.89,019.89,019.89,019.89,019.89,019.89,019.87,019.87,019.87,019.87,019.87,019.87,019.87,019.87,019.87,019.87,019.87,019.87,019.87,019.87,019.87,019.87,019.87,019.87,019.87,019.87,019.87,019.87,019.87,019.89,019.89,019.89,019.89,019.89,019.89,019.89,019.89,019.89,019.89,019.89,019.89,019.87,019.87,019.87,019.87,019.87,019.87,019.87,019.87,019.87,019.87,019.87,019.89,019.89,019.89,019.89,019.89,019.89,019.89,019.89,019.89,019.89,019.89,019.89,019.87,019.87,019.87,019.87,019.87,019.87,019.87,019.87,019.87,019.87,019.87,019.87,019.89,019.89,019.89,019.89,019.89,019.89,019.89,019.89,019.89,019.89,019.89,019.87,019.87,019.87,019.87,019.87,019.87,019.87,019.87,019.87,019.87,019.87,019.87,019.89,019.89,019.89,019.89,019.89,019.89,019.89,019.89,019.89,019.89,019.89,019.89,019.87,019.87,019.87,019.87,019.87,019.87,019.87,019.87,019.87,019.87,019.87,019.89,019.89,019.89,019.89,019.89,019.89,019.89,019.89,
<2>
019.89,019.89,019.89,019.89,019.89,019.89,019.89,019.89,019.89,019.89,019.89,019.89,019.89,019.89,019.89,019.87,019.87,019.87,019.87,019.87,019.87,019.87,019.87,019.87,019.87,019.87,019.87,019.89,019.89,019.89,019.89,019.89,019.89,019.89,019.89,019.89,019.89,019.89,019.87,019.87,019.87,019.87,019.87,019.87,019.87,019.87,019.87,019.87,019.87,019.87,019.87,019.87,019.87,019.87,019.87,019.87,019.87,019.87,019.87,019.87,019.87,019.87,019.87,019.87,019.87,019.87,019.87,019.87,019.87,019.87,019.87,019.87,019.87,019.87,019.87,019.87,019.87,019.87,019.87,019.87,019.87,019.87,019.87,019.87,019.87,019.87,019.87,019.87,Beginning setup
Ending setup
Step Mode is .. Eighth...
Step Mode is .. Eighth...
image size: 704 x 528

<1>
019.61,019.61,019.61,019.61,019.61,019.61,019.61,019.61,019.61,019.61,019.61,019.57,019.57,019.57,019.57,019.57,019.57,019.57,019.57,019.57,019.57,019.57,019.57,019.57,019.57,019.57,019.57,019.57,019.57,019.57,019.57,019.57,019.57,019.57,019.55,019.55,019.55,019.55,019.55,019.55,019.55,019.55,019.55,019.55,019.55,019.55,019.57,019.57,019.57,019.57,019.57,019.57,019.57,019.57,019.57,019.57,019.57,019.57,019.57,019.57,019.57,019.57,019.57,019.57,019.57,019.57,019.57,019.57,019.57,019.57,019.57,019.57,019.57,019.57,019.57,019.57,019.57,019.57,019.57,019.57,019.57,019.55,019.55,019.55,019.55,019.55,019.55,019.55,019.55,019.55,019.55,019.55,019.55,019.55,019.55,019.55,019.55,019.55,019.55,019.55,019.55,019.55,019.55,019.55,019.55,019.55,019.55,019.55,019.55,019.55,019.55,019.55,019.55,019.55,019.55,019.55,019.57,019.57,019.57,019.57,019.57,019.57,019.57,019.57,019.57,019.57,019.57,019.57,019.57,019.57,019.57,019.57,019.57,019.57,019.57,019.57,019.57,019.57,019.57,019.61,019.61,019.61,019.61,019.61,019.61,019.61,019.61,019.61,019.61,019.61,019.61,019.57,019.57,019.57,019.57,019.57,019.57,019.57,019.57,019.57,019.57,019.57,019.57,019.57,019.57,019.57,019.57,019.57,019.57,019.57,019.57,019.57,019.57,019.57,019.57,019.57,019.57,019.57,019.57,019.57,019.57,019.57,019.57,019.57,019.57,019.57,019.57,019.57,019.57,019.57,019.57,019.57,019.57,019.57,019.57,019.57,019.57,019.57,019.55,019.55,019.55,019.55,019.55,019.55,019.55,019.55,019.55,019.55,019.55,019.55,019.55,019.55,019.55,019.55,019.55,019.55,019.55,019.55,019.55,019.55,019.55,019.51,019.51,019.51,019.51,019.51,019.51,019.51,019.51,019.51,019.51,019.51,019.51,019.51,019.51,019.51,019.51,019.51,019.51,019.51,019.51,019.51,019.51,019.51,019.51,019.55,019.55,019.55,019.55,019.55,019.55,019.55,019.55,019.55,019.55,019.55,019.51,019.51,019.51,019.51,019.51,019.51,019.51,019.51,019.51,019.51,019.51,019.51,019.51,019.51,019.51,019.51,019.51,019.51,019.51,019.51,019.51,019.51,019.51,019.51,019.47,019.47,019.47,019.47,019.47,019.47,019.47,019.47,019.47,019.47,019.47,019.55,019.55,019.55,019.55,019.55,019.55,019.55,019.55,019.55,019.55,019.55,019.55,019.51,019.51,019.51,019.51,019.51,019.51,019.51,019.51,019.51,019.51,019.51,019.51,019.55,019.55,019.55,019.55,019.55,019.55,019.55,019.55,019.55,019.55,019.55,019.55,019.55,019.55,019.55,019.55,019.55,019.55,019.55,019.55,019.55,019.55,019.55,019.51,019.51,019.51,019.51,019.51,019.51,019.51,019.51,019.51,019.51,019.51,019.51,019.47,019.47,019.47,019.47,019.47,019.47,019.47,019.47,019.47,019.47,019.47,019.51,019.51,019.51,019.51,019.51,019.51,019.51,019.51,019.51,019.51,019.51,019.51,019.55,019.55,019.55,019.55,019.55,019.55,019.55,019.55,019.55,019.55,019.55,019.55,019.51,019.51,019.51,019.51,019.51,019.51,019.51,019.51,019.51,019.51,019.51,019.51,019.51,019.51,019.51,019.51,019.51,019.51,019.51,019.51,019.51,019.51,019.51,019.51,019.51,019.51,019.51,019.51,019.51,019.51,019.51,019.51,019.51,019.51,019.51,019.55,019.55,019.55,019.55,019.55,019.55,019.55,019.55,019.55,019.55,019.55,019.55,019.55,019.55,019.55,019.55,019.55,019.55,019.55,019.55,019.55,019.55,019.55,019.51,019.51,019.51,019.51,019.51,019.51,019.51,019.51,019.51,019.51,019.51,019.51,019.51,019.51,019.51,019.51,019.51,019.51,019.51,019.51,019.51,019.51,019.51,019.51,019.51,019.51,019.51,019.51,019.51,019.51,019.51,019.51,019.51,019.51,019.51,019.47,019.47,019.47,019.47,019.47,019.47,019.47,019.47,019.47,019.47,019.47,019.47,019.55,019.55,019.55,019.55,019.55,019.55,019.55,019.55,019.55,019.55,019.55,019.47,019.47,019.47,019.47,019.47,019.47,019.47,019.47,019.47,019.47,019.47,019.47,019.51,019.51,019.51,019.51,019.51,019.51,019.51,019.51,019.51,019.51,019.51,019.51,019.47,019.47,
<2>
019.47,019.47,019.47,019.47,019.47,019.47,019.47,019.47,019.47,019.51,019.51,019.51,019.51,019.51,019.51,019.51,019.51,019.51,019.51,019.51,019.51,019.51,019.51,019.51,019.51,019.51,019.51,019.51,019.51,019.51,019.51,019.51,019.55,019.55,019.55,019.55,019.55,019.55,019.55,019.55,019.55,019.55,019.55,019.55,019.51,019.51,019.51,019.51,019.51,019.51,019.51,019.51,019.51,019.51,019.51,019.47,019.47,019.47,019.47,019.47,019.47,019.47,019.47,019.47,019.47,019.47,019.47,019.55,019.55,019.55,019.55,019.55,019.55,019.55,019.55,019.55,019.55,019.55,019.55,019.51,019.51,019.51,019.51,019.51,019.51,019.51,019.51,019.51,019.51,019.51,019.55,019.55,019.55,019.55,019.55,019.55,019.55,019.55,019.55,019.55,019.55,019.55,019.51,019.51,019.51,019.51,019.51,019.51,019.51,019.51,019.51,019.51,019.51,019.51,019.55,019.55,019.55,019.55,019.55,019.55,019.55,019.55,019.55,019.55,019.55,019.57,019.57,019.57,019.57,019.57,019.57,019.57,019.57,019.57,019.57,019.57,019.57,019.57,019.57,019.57,019.57,019.57,019.57,019.57,019.57,019.57,019.57,019.57,019.57,019.57,019.57,019.57,019.57,019.57,019.57,019.57,019.57,019.57,019.57,019.57,019.57,019.55,019.55,019.55,019.55,019.55,019.55,019.55,019.55,019.55,019.55,019.55,019.51,019.51,019.51,019.51,019.51,019.51,019.51,019.51,019.51,019.51,019.51,019.51,019.51,019.51,019.51,019.51,019.51,019.51,019.51,019.51,019.51,019.51,019.51,019.51,019.55,019.55,019.55,019.55,019.55,019.55,019.55,019.55,019.55,019.55,019.55,019.55,019.55,019.55,019.55,019.55,019.55,019.55,019.55,019.55,019.55,019.55,019.55,019.47,019.47,019.47,019.47,019.47,019.47,019.47,019.47,019.47,019.47,019.47,019.47,019.55,019.55,019.55,019.55,019.55,019.55,019.55,019.55,019.55,019.55,019.55,019.55,019.55,019.55,019.55,019.55,019.55,019.55,019.55,019.55,019.55,019.55,019.55,019.57,019.57,019.57,019.57,019.57,019.57,019.57,019.57,019.57,019.57,019.57,019.57,019.61,019.61,019.61,019.61,019.61,019.61,019.61,019.61,019.61,019.61,019.61,019.57,019.57,019.57,019.57,019.57,019.57,019.57,019.57,019.57,019.57,019.57,019.57,019.55,019.55,019.55,019.55,019.55,019.55,019.55,019.55,019.55,019.55,019.55,019.55,019.55,019.55,019.55,019.55,019.55,019.55,019.55,019.55,019.55,019.55,019.55,019.51,019.51,019.51,019.51,019.51,019.51,019.51,019.51,019.51,019.51,019.51,019.51,019.47,019.47,019.47,019.47,019.47,019.47,019.47,019.47,019.47,019.47,019.47,019.47,019.47,019.47,019.47,019.47,019.47,019.47,019.47,019.47,019.47,019.47,019.47,019.55,019.55,019.55,019.55,019.55,019.55,019.55,019.55,019.55,019.55,019.55,019.55,019.55,019.55,019.55,019.55,019.55,019.55,019.55,019.55,019.55,019.55,019.55,019.55,019.55,019.55,019.55,019.55,019.55,019.55,019.55,019.55,019.55,019.55,019.55,019.55,019.55,019.55,019.55,019.55,019.55,019.55,019.55,019.55,019.55,019.55,019.55,019.55,019.55,019.55,019.55,019.55,019.55,019.55,019.55,019.55,019.55,019.55,019.55,019.55,019.55,019.55,019.55,019.55,019.55,019.55,019.55,019.55,019.55,019.55,019.55,019.55,019.55,019.55,019.55,019.55,019.55,019.55,019.55,019.55,019.55,019.55,019.51,019.51,019.51,019.51,019.51,019.51,019.51,019.51,019.51,019.51,019.51,019.51,019.51,019.51,019.51,019.51,019.51,019.51,019.51,019.51,019.51,019.51,019.51,019.51,019.47,019.47,019.47,019.47,019.47,019.47,019.47,019.47,019.47,019.47,019.47,019.47,019.47,019.47,019.47,019.47,019.47,019.47,019.47,019.47,019.47,019.47,019.47,019.47,019.47,019.47,019.47,019.47,019.47,019.47,019.47,019.47,019.47,019.47,019.47,019.47,019.47,019.47,019.47,019.47,019.47,019.47,019.47,019.47,019.47,019.47,019.51,019.51,019.51,019.51,019.51,019.51,019.51,019.51,019.51,019.51,019.51,019.51,019.45,019.45,019.45,019.45,019.45,019.45,019.45,019.45,019.45,019.45,019.45,019.45,019.45,019.45,019.45,019.45,019.45,
<3>
019.45,019.45,019.45,019.45,019.45,019.47,019.47,019.47,019.47,019.47,019.47,019.47,019.47,019.47,019.47,019.47,019.47,019.51,019.51,019.51,019.51,019.51,019.51,019.51,019.51,019.51,019.51,019.51,019.51,019.51,019.51,019.51,019.51,019.51,019.51,019.51,019.51,019.51,019.51,019.51,019.51,019.55,019.55,019.55,019.55,019.55,019.55,019.55,019.55,019.55,019.55,019.55,019.55,019.55,019.55,019.55,019.55,019.55,019.55,019.55,019.55,019.55,019.55,019.55,019.55,019.55,019.55,019.55,019.55,019.55,019.55,019.55,019.55,019.55,019.55,019.55,019.51,019.51,019.51,019.51,019.51,019.51,019.51,019.51,019.51,019.51,019.51,019.51,019.51,019.51,019.51,019.51,019.51,019.51,019.51,019.51,019.51,019.51,019.51,019.51,019.51,019.51,019.51,019.51,019.51,019.51,019.51,019.51,019.51,019.51,019.51,019.51,019.51,019.51,019.51,019.51,019.51,019.51,019.51,019.51,019.51,019.51,019.51,019.51,019.51,019.51,019.51,019.51,019.51,019.51,019.51,019.51,019.51,019.51,019.51,019.51,019.51,019.51,019.51,019.51,019.51,019.51,019.51,019.51,019.51,019.51,019.51,019.51,019.51,019.51,019.51,019.51,019.51,019.51,019.51,019.51,019.51,019.51,019.51,019.51,019.51,019.51,019.51,019.51,019.51,019.51,019.51,019.51,019.51,019.51,019.51,019.51,019.51,019.51,019.51,019.51,019.51,019.51,019.51,019.51,019.51,019.51,019.51,019.51,019.51,019.51,019.51,019.51,019.51,019.51,019.51,019.51,019.51,019.51,019.51,019.51,019.51,019.51,019.51,019.51,019.51,019.51,019.51,019.51,019.47,019.47,019.47,019.47,019.47,019.47,019.47,019.47,019.47,019.47,019.47,019.47,019.55,019.55,019.55,019.55,019.55,019.55,019.55,019.55,019.55,019.55,019.55,019.51,019.51,019.51,019.51,019.51,019.51,019.51,019.51,019.51,019.51,019.51,019.51,019.51,019.51,019.51,019.51,019.51,019.51,019.51,019.51,019.51,019.51,019.51,019.51,019.47,019.47,019.47,019.47,019.47,019.47,019.47,019.47,019.47,019.47,019.47,019.51,019.51,019.51,019.51,019.51,019.51,019.51,019.51,019.51,019.51,019.51,019.51,019.55,019.55,019.55,019.55,019.55,019.55,019.55,019.55,019.55,019.55,019.55,019.55,019.51,019.51,019.51,019.51,019.51,019.51,019.51,019.51,019.51,019.51,019.51,019.55,019.55,019.55,019.55,019.55,019.55,019.55,019.55,019.55,019.55,019.55,019.55,019.47,019.47,019.47,019.47,019.47,019.47,019.47,019.47,019.47,019.47,019.47,019.47,019.47,019.47,019.47,019.47,019.47,019.47,019.47,019.47,019.47,019.47,019.47,019.51,019.51,019.51,019.51,019.51,019.51,019.51,019.51,019.51,019.51,019.51,019.51,019.45,019.45,019.45,019.45,019.45,019.45,019.45,019.45,019.45,019.45,019.45,019.45,019.51,019.51,019.51,019.51,019.51,019.51,019.51,019.51,019.51,019.51,019.51,019.47,019.47,019.47,019.47,019.47,019.47,019.47,019.47,019.47,019.47,019.47,019.47,019.47,019.47,019.47,019.47,019.47,019.47,019.47,019.47,019.47,019.47,019.47,019.47,019.51,019.51,019.51,019.51,019.51,019.51,019.51,019.51,019.51,019.51,019.51,019.47,019.47,019.47,019.47,019.47,019.47,019.47,019.47,019.47,019.47,019.47,019.47,019.51,019.51,019.51,019.51,019.51,019.51,019.51,019.51,019.51,019.51,019.51,019.51,019.51,019.51,019.51,019.51,019.51,019.51,019.51,019.51,019.51,019.51,019.51,019.51,019.51,019.51,019.51,019.51,019.51,019.51,019.51,019.51,019.51,019.51,019.51,019.51,019.51,019.51,019.51,019.51,019.51,019.51,019.51,019.51,019.51,019.51,019.51,019.55,019.55,019.55,019.55,019.55,019.55,019.55,019.55,019.55,019.55,019.55,019.55,019.51,