47,16.47,16.47,16.47,16.47,16.47,16.47,16.47,16.47,16.47,16.47,16.47,16.47,16.47,16.47,16.47,16.47,16.47,16.47,16.47,16.47,16
.47,16.47,16.47,16.47,16.47,16.47,16.47,16.47,16.39,16.39,16.39,16.39,16.39,16.39,16.39,16.39,16.39,16.39,16.39,16.39,16.39,1
6.39,16.39,16.39,16.39,16.39,16.39,16.39,16.39,16.39,16.39,16.39,16.39,16.39,16.39,16.39,16.39,16.39,16.39,16.39,16.39,16.43,
16.43,16.43,16.43,16.43,16.43,16.43,16.43,16.43,16.43,16.43,16.43,16.43,16.43,,16.39,16.39,16.39,16.39,16.39,16.43,16.43,16.4
3,16.43,16.43,16.43,16.43,16.43,16.43,16.43,16.43,16.43,16.43,16.43,16.43,16.43,16.43,16.43,16.43,16.43,16.43,16.43,16.43,16.
43,16.43,16.43,16.43,16.43,16.43,16.43,16.43,16.43,16.43,16.43,16.43,16.43,16.43,16.43,16.43,16.43,16.43,16.43,16.43,16.43,16
.43,16.43,16.43,16.43,16.43,16.43,16.43,16.43,16.43,16.43,16.43,16.43,16.43,16.43,16.43,16.43,16.43,16.43,16.43,16.43,16.43,1
6.43,16.43,16.43,16.43,16.43,16.43,16.43,16.43,16.43,16.43,16.47,16.47,16.47,16.47,16.47,16.47,16.47,16.47,16.47,16.47,,16.49
,16.49,16.49,16.49,16.49,16.49,16.49,16.49,16.49,16.47,16.47,16.47,16.47,16.47,16.47,16.47,16.47,16.47,16.47,16.47,16.47,16.4
7,16.47,16.47,16.47,16.47,16.47,16.47,16.47,16.47,16.47,16.47,16.47,16.47,16.47,16.47,16.47,16.47,16.47,16.47,16.47,16.47,16.
47,16.47,16.47,16.47,16.47,16.47,16.47,16.47,16.47,16.47,16.47,16.47,16.47,16.47,16.47,16.47,16.47,16.47,16.47,16.47,16.47,16
.47,16.47,16.47,16.47,16.47,16.47,16.47,16.47,16.47,16.47,16.47,16.47,16.47,16.47,16.47,16.47,16.47,16.47,16.47,16.43,16.43,1
6.43,16.43,16.43,16.43,16.43,16.43,,16.39,16.39,16.39,16.39,16.39,16.39,16.39,16.39,16.39,16.39,16.39,16.39,16.39,16.39,16.39
,16.39,16.39,16.39,16.39,16.39,16.39,16.39,16.39,16.39,16.39,16.39,16.39,16.39,16.39,16.39,16.39,16.39,16.39,16.39,16.39,16.3
9,16.39,16.39,16.39,16.39,16.39,16.39,16.39,16.39,16.39,16.39,16.39,16.39,16.39,16.39,16.39,16.39,16.39,16.43,16.43,16.43,16.
43,16.43,16.43,16.43,16.43,16.43,16.43,16.43,16.43,16.43,16.43,16.43,16.43,16.43,16.43,16.43,16.43,16.43,16.43,16.43,16.43,16
.43,16.43,16.43,16.43,16.43,16.43,16.43,16.43,16.47,16.47,16.47,16.47,16.47,,16.43,16.43,16.43,16.43,16.43,16.43,16.43,16.43,
16.43,16.43,16.43,16.43,16.43,16.43,16.43,16.43,16.43,16.43,16.49,16.49,16.49,16.49,16.49,16.49,16.49,16.49,16.49,16.49,16.49
,16.49,16.49,16.49,16.49,16.49,16.49,16.49,16.49,16.49,16.49,16.49,16.49,16.49,16.49,16.49,16.49,16.49,16.49,16.49,16.49,16.4
9,16.49,16.49,16.49,16.49,16.49,16.49,16.49,16.39,16.39,16.39,16.39,16.39,16.39,16.39,16.39,16.39,16.39,16.39,16.39,16.39,16.
39,16.39,16.39,16.39,16.39,16.39,16.39,16.39,16.39,16.39,16.39,16.39,16.39,16.39,16.39,16.39,16.39,16.39,16.43,16.43,,16.43,1
6.43,16.43,16.43,16.43,16.43,16.43,16.43,16.43,16.43,16.43,16.43,16.43,16.43,16.43,16.43,16.43,16.43,16.43,16.43,16.43,16.43,
16.43,16.43,16.43,16.43,16.43,16.43,16.43,16.43,16.43,16.43,16.43,16.43,16.43,16.43,16.43,16.43,16.43,16.43,16.43,16.43,16.43
,16.43,16.43,16.43,16.43,16.43,16.43,16.43,16.43,16.43,16.43,16.43,16.43,16.43,16.43,16.43,16.43,16.43,16.43,16.43,16.43,16.4
3,16.43,16.43,16.43,16.43,16.43,16.43,16.43,16.43,16.43,16.43,16.43,16.43,16.43,16.43,16.43,16.43,16.43,16.43,16.43,16.43,16.
43,16.43,16.43,16.43,16.43,16.43,,16.47,16.47,16.47,16.47,16.47,16.47,16.47,16.47,16.47,16.47,16.47,16.47,16.47,16.47,16.47,1
6.47,16.47,16.47,16.47,16.47,16.47,16.47,16.47,16.47,16.47,16.47,16.39,16.39,16.39,16.39,16.39,16.39,16.39,16.39,16.39,16.39,
16.39,16.39,16.39,16.39,16.39,16.39,16.39,16.39,16.39,16.39,16.39,16.39,16.39,16.39,16.39,16.39,16.39,16.39,16.39,16.39,16.39
,16.39,16.39,16.39,16.39,16.39,16.39,16.39,16.39,16.39,16.39,16.39,16.39,16.39,16.39,16.39,16.39,16.39,16.39,16.39,16.39,16.3
9,16.39,16.39,16.39,16.39,16.39,16.39,16.39,16.39,16.39,16.39,16.39,16.39,
