<image size: 82 x 62>
<1>
023.11,023.15,023.11,023.15,023.11,023.17,023.17,023.17,023.17,023.17,023.17,023.17,023.21,023.21,023.21,023.23,023.23,023.27,023.23,023.29,023.27,023.27,023.33,023.33,023.35,023.35,023.41,023.39,023.39,023.41,023.45,023.47,023.47,023.47,023.45,023.47,023.47,023.51,023.53,023.53,023.53,023.59,023.63,023.59,023.59,023.65,023.63,023.69,023.69,023.63,023.69,023.71,023.71,023.79,023.75,023.85,023.87,023.91,023.91,023.87,023.87,023.91,
<2>
023.93,023.91,023.91,023.93,023.91,023.91,023.93,023.93,023.87,023.93,023.79,023.81,023.81,023.79,023.75,023.69,023.69,023.79,023.85,023.85,023.79,023.69,023.69,023.65,023.63,023.57,023.51,023.51,023.47,023.53,023.51,023.45,023.47,023.41,023.41,023.41,023.45,023.45,023.39,023.45,023.39,023.39,023.35,023.39,023.33,023.39,023.39,023.35,023.35,023.35,023.35,023.35,023.35,023.35,023.33,023.35,023.33,023.35,023.33,023.33,023.29,023.33,
<3>
023.27,023.27,023.33,023.91,023.75,023.65,023.57,023.59,023.69,023.79,024.21,023.93,023.51,023.45,023.45,023.51,023.51,023.53,023.57,023.57,023.57,023.57,023.65,023.71,023.75,023.79,023.93,024.23,024.35,023.79,023.71,023.71,023.71,023.75,023.75,023.75,023.81,023.81,023.81,023.81,023.81,023.81,023.87,023.85,023.85,023.91,023.91,023.97,023.97,024.3,023.97,024.5,024.5,024.29,024.65,024.47,024.33,024.33,024.27,024.27,024.29,024.23,
<4>
024.27,024.23,024.17,024.21,024.17,024.9,024.11,024.9,024.9,024.5,024.5,024.3,024.5,024.3,024.3,023.97,023.99,023.93,023.93,023.97,023.93,023.97,023.93,023.91,023.91,023.85,023.87,023.81,023.81,023.81,023.85,023.81,023.75,023.69,023.71,023.69,023.69,023.71,023.65,023.65,023.69,023.65,023.65,023.63,023.53,023.53,023.51,023.53,023.51,023.53,023.47,023.45,023.39,023.41,023.41,023.41,023.39,023.35,023.35,023.35,023.33,023.29,
<5>
023.29,023.29,023.33,023.29,023.29,023.33,023.35,023.33,023.33,023.39,023.45,023.45,023.47,023.47,023.51,023.47,023.45,023.47,023.53,023.59,023.63,023.59,023.65,023.65,023.65,023.65,023.71,023.75,023.81,023.81,023.79,023.85,023.85,023.91,023.93,023.91,023.93,023.91,024.3,024.3,024.3,024.5,024.9,024.9,024.11,024.11,024.15,024.15,024.21,024.21,024.21,024.21,024.23,024.27,024.35,024.35,024.41,024.41,024.45,024.47,024.47,024.47,
<6>
024.47,024.51,024.53,024.51,024.47,024.45,024.95,027.61,027.61,027.31,024.51,024.33,024.27,024.27,024.21,024.21,024.21,024.17,024.15,024.15,024.15,024.15,024.5,024.3,024.3,023.99,023.99,023.93,023.93,023.87,023.87,023.87,023.87,023.81,023.79,023.75,023.79,023.81,023.79,023.75,023.75,023.75,023.79,023.75,023.69,023.65,023.69,023.63,023.59,023.63,023.59,023.59,023.53,023.57,023.47,023.51,023.53,023.51,023.51,023.45,023.47,023.47,
<7>
023.45,023.41,023.41,023.45,023.41,023.45,023.41,023.41,023.39,023.45,023.39,023.35,023.41,023.41,023.35,023.33,023.35,023.39,023.35,023.33,023.35,023.29,023.35,023.39,023.41,023.41,023.45,023.51,023.47,023.47,023.45,023.47,023.51,023.57,023.59,023.63,023.65,023.69,023.79,023.79,023.87,023.87,023.87,023.91,023.97,023.93,023.97,023.97,024.9,024.5,024.5,024.5,024.11,024.21,024.21,024.17,024.27,024.29,024.29,024.29,024.33,024.33,
<8>
024.33,024.33,024.29,024.29,024.27,024.29,024.17,024.17,024.17,024.9,024.9,024.9,024.5,024.9,024.9,023.99,023.99,023.97,023.97,023.97,023.97,023.93,023.93,023.87,023.91,023.85,023.85,023.79,023.81,023.81,023.79,023.79,023.71,023.71,023.75,023.69,023.65,023.71,023.65,023.63,023.65,023.65,023.63,023.59,023.57,023.57,023.57,023.59,023.57,023.57,023.47,023.47,023.45,023.45,023.45,023.45,023.45,023.41,023.39,023.39,023.39,023.39,
<9>
023.39,023.35,023.35,023.33,023.35,023.35,023.35,023.35,023.35,023.39,023.39,023.39,023.41,023.41,023.39,023.39,023.39,023.41,023.45,023.45,023.45,023.47,023.47,023.45,023.45,023.47,023.51,023.59,023.57,023.59,023.59,023.59,023.69,023.69,023.69,023.71,023.71,023.69,023.75,023.75,023.79,023.79,023.75,023.81,023.81,023.87,023.85,023.93,023.91,023.91,023.99,023.99,024.3,024.5,024.5,024.9,024.9,024.11,024.9,024.11,024.11,024.11,024.15,
<10>
024.17,024.15,024.15,024.9,024.5,024.9,023.99,024.3,023.93,023.91,023.87,023.87,023.81,023.81,023.81,023.81,023.75,023.79,023.75,023.75,023.75,023.71,023.75,023.69,023.69,023.65,023.63,023.63,023.63,023.53,023.53,023.51,023.51,023.51,023.47,023.41,023.41,023.41,023.41,023.39,023.33,023.35,023.33,023.29,023.33,023.29,023.29,023.29,023.29,023.27,023.29,023.29,023.27,023.27,023.21,023.17,023.17,023.21,023.17,023.17,023.21,023.17,
<11>
023.15,023.17,023.17,023.17,023.17,023.27,023.21,023.17,023.17,023.27,023.23,023.27,023.23,023.27,023.33,023.33,023.33,023.29,023.35,023.33,023.35,023.35,023.39,023.39,023.41,023.45,023.45,023.45,023.47,023.47,023.47,023.51,023.47,023.53,023.57,023.59,023.59,023.59,023.69,023.69,023.69,023.69,023.71,023.71,023.75,023.79,023.75,023.85,023.85,023.81,023.81,023.85,023.85,023.91,023.93,023.97,023.93,023.97,023.97,023.99,023.99,023.99,
<12>
024.9,023.99,023.97,023.99,023.93,023.93,023.93,023.87,023.87,023.85,023.81,023.85,023.81,023.81,023.81,023.79,023.75,023.75,023.79,023.71,023.71,023.69,023.69,023.69,023.59,023.59,023.59,023.57,023.53,023.53,023.51,023.51,023.51,023.47,023.45,023.41,023.41,023.39,023.39,023.35,023.35,023.39,023.35,023.29,023.35,023.27,023.29,023.29,023.23,023.27,023.23,023.23,023.21,023.17,023.17,023.15,023.17,023.17,023.17,023.21,023.17,023.15,
<13>
023.15,023.15,023.11,023.15,023.15,023.21,023.17,023.17,023.17,023.21,023.21,023.15,023.21,023.17,023.27,023.23,023.23,023.23,023.23,023.27,023.27,023.29,023.33,023.27,023.35,023.33,023.35,023.39,023.39,023.39,023.39,023.41,023.45,023.47,023.47,023.53,023.51,023.53,023.53,023.53,023.57,023.59,023.63,023.63,023.63,023.65,023.69,023.69,023.65,023.71,023.71,023.75,023.79,023.79,023.81,023.81,023.81,023.81,023.85,023.91,023.87,023.93,
<14>
023.91,023.91,023.87,023.91,023.87,023.91,023.87,023.81,023.81,023.79,023.79,023.75,023.75,023.75,023.69,023.69,023.63,023.59,023.59,023.57,023.53,023.53,023.51,023.51,023.51,023.51,023.51,023.47,023.47,023.45,023.41,023.41,023.45,023.45,023.41,023.41,023.39,023.39,023.33,023.33,023.27,023.27,023.23,023.27,023.23,023.21,023.21,023.17,023.17,023.17,023.17,023.17,023.15,023.15,023.15,023.15,023.11,023.11,023.11,023.15,023.9,023.15,
<15>
023.9,023.9,023.11,023.15,023.11,023.11,023.11,023.17,023.11,023.15,023.15,023.15,023.15,023.17,023.21,023.17,023.17,023.17,023.17,023.21,023.23,023.27,023.21,023.23,023.27,023.27,023.29,023.29,023.29,023.29,023.33,023.33,023.33,023.39,023.41,023.41,023.45,023.45,023.45,023.51,023.47,023.47,023.53,023.53,023.57,023.59,023.59,023.59,023.63,023.63,023.65,023.65,023.69,023.71,023.69,023.75,023.79,023.81,023.79,023.81,023.85,023.81,
<16>
023.87,023.87,023.85,023.81,023.75,023.79,023.69,023.65,023.71,023.69,023.65,023.59,023.63,023.57,023.57,023.57,023.53,023.51,023.53,023.51,023.51,023.45,023.45,023.41,023.41,023.41,023.45,023.41,023.45,023.41,023.41,023.41,023.35,023.33,023.27,023.27,023.29,023.29,023.29,023.21,023.21,023.23,023.21,023.21,023.21,023.17,023.15,023.15,023.17,023.11,023.11,023.11,023.11,023.9,023.11,023.5,023.3,023.3,023.5,023.9,023.9,023.3,
<17>
023.9,023.5,023.3,023.3,023.3,023.5,023.3,023.5,023.5,023.5,023.5,023.11,023.11,023.9,023.11,023.11,023.11,023.11,023.15,023.17,023.17,023.17,023.17,023.23,023.23,023.23,023.21,023.27,023.29,023.29,023.29,023.29,023.29,023.33,023.35,023.41,023.41,023.41,023.41,023.47,023.41,023.41,023.41,023.51,023.51,023.51,023.53,023.53,023.53,023.59,023.59,023.59,023.59,023.63,023.63,023.59,023.69,023.71,023.69,023.75,023.81,023.79,
<18>
023.79,023.75,023.79,023.79,023.65,023.65,023.63,023.63,023.57,023.57,023.57,023.57,023.57,023.53,023.53,023.47,023.47,023.53,023.45,023.47,023.47,023.41,023.41,023.45,023.45,023.39,023.33,023.35,023.33,023.29,023.29,023.23,023.23,023.23,023.15,023.17,023.17,023.15,023.15,023.15,023.15,023.17,023.11,023.11,023.9,023.9,023.9,023.5,023.5,023.11,023.5,023.3,023.3,023.5,023.5,023.3,023.3,023.3,023.3,022.99,023.3,023.3,023.3,
<19>
022.99,022.95,022.89,022.89,022.99,022.99,022.99,022.99,022.99,022.99,022.99,022.99,022.99,022.95,022.95,022.99,022.99,022.99,022.99,023.3,023.5,023.5,023.3,023.9,023.9,023.5,023.9,023.15,023.9,023.11,023.17,023.17,023.23,023.23,023.21,023.23,023.23,023.23,023.27,023.27,023.33,023.33,023.33,023.35,023.41,023.39,023.39,023.45,023.45,023.45,023.47,023.47,023.47,023.51,023.53,023.53,023.57,023.63,023.63,023.71,023.69,023.71,
<20>
023.75,023.69,023.71,023.69,023.65,023.59,023.57,023.57,023.53,023.53,023.51,023.47,023.47,023.45,023.45,023.45,023.41,023.41,023.35,023.35,023.35,023.35,023.33,023.27,023.27,023.27,023.33,023.23,023.27,023.23,023.17,023.21,023.17,023.15,023.11,023.15,023.9,023.9,023.9,023.5,023.5,023.3,022.99,023.3,023.5,022.95,022.99,022.95,022.93,022.99,022.95,022.95,022.95,022.93,022.93,022.93,022.93,022.93,022.93,022.95,022.89,022.93,
<21>
022.93,022.89,022.89,022.89,022.87,022.87,022.87,022.87,022.89,022.93,022.89,022.87,022.93,022.93,022.95,022.95,022.95,022.95,022.99,022.99,022.99,022.95,023.3,023.5,023.9,023.9,023.11,023.11,023.11,023.9,023.11,023.11,023.15,023.17,023.21,023.21,023.23,023.23,023.27,023.27,023.33,023.29,023.33,023.33,023.33,023.33,023.33,023.39,023.41,023.41,023.47,023.45,023.45,023.51,023.51,023.51,023.53,023.51,023.53,023.57,023.65,023.65,
<22>
023.63,023.63,023.65,023.63,023.63,023.53,023.57,023.53,023.47,023.51,023.51,023.47,023.47,023.45,023.45,023.45,023.39,023.35,023.39,023.33,023.33,023.33,023.33,023.29,023.29,023.33,023.21,023.23,023.23,023.17,023.15,023.11,023.11,023.11,023.5,023.5,023.5,023.5,023.5,023.5,022.99,022.99,023.3,022.95,022.95,022.93,022.93,022.93,022.93,022.93,022.93,022.95,022.93,022.93,022.93,022.83,022.87,022.83,022.89,022.81,022.81,022.81,
<23>
022.81,022.81,022.87,022.89,022.89,022.87,022.87,022.87,022.87,022.87,022.81,022.87,022.87,022.83,022.87,022.89,022.93,022.93,022.93,022.89,022.95,022.95,022.95,022.99,022.95,023.3,023.5,022.99,023.5,023.5,023.5,023.9,023.11,023.11,023.11,023.11,023.17,023.15,023.17,023.15,023.27,023.23,023.27,023.27,023.27,023.33,023.33,023.29,023.33,023.33,023.35,023.39,023.41,023.41,023.41,023.41,023.47,023.47,023.51,023.53,023.53,023.53,
<24>
023.57,023.57,023.53,023.53,023.51,023.47,023.45,023.45,023.39,023.39,023.35,023.39,023.39,023.33,023.33,023.29,023.29,023.29,023.27,023.23,023.21,023.17,023.17,023.17,023.15,023.15,023.15,023.15,023.11,023.11,023.9,023.3,023.5,023.9,023.5,023.5,023.3,023.3,023.3,023.3,022.95,022.95,022.93,022.93,022.93,022.93,022.89,022.87,022.89,022.83,022.81,022.77,022.83,022.83,022.83,022.81,022.83,022.87,022.89,022.87,022.87,022.81,
<25>
022.87,022.83,022.83,022.83,022.77,022.77,022.83,022.81,022.83,022.83,022.89,022.89,022.93,022.93,022.95,022.93,022.93,022.99,022.95,022.99,023.3,022.99,022.99,022.99,022.99,022.99,023.3,023.5,023.3,023.3,023.3,023.5,023.11,023.9,023.11,023.9,023.11,023.9,023.9,023.9,023.9,023.11,023.15,023.9,023.11,023.11,023.15,023.17,023.21,023.23,023.23,023.23,023.29,023.33,023.29,023.35,023.39,023.45,023.41,023.41,023.45,023.47,
<26>
023.47,023.45,023.41,023.39,023.35,023.39,023.35,023.33,023.35,023.35,023.33,023.35,023.33,023.33,023.29,023.27,023.29,023.27,023.27,023.17,023.21,023.11,023.11,023.11,023.11,023.11,023.9,023.9,023.3,023.3,023.3,023.3,022.99,022.99,022.93,022.95,022.87,022.87,022.87,022.87,022.87,022.87,022.87,022.83,022.83,022.87,022.87,022.83,022.75,022.83,022.83,022.75,022.83,022.77,022.83,022.77,022.77,022.77,022.77,022.77,022.83,022.75,022.77,
<27>
022.83,022.77,022.83,022.83,022.75,022.81,022.75,022.77,022.81,022.83,022.75,022.81,022.83,022.75,022.87,022.83,022.83,022.83,022.89,022.83,022.87,022.87,022.83,022.93,022.93,022.95,022.93,022.95,022.95,022.99,023.9,023.5,023.9,023.9,023.9,023.11,023.15,023.9,023.15,023.11,023.21,023.17,023.21,023.21,023.23,023.27,023.23,023.29,023.29,023.33,023.33,023.35,023.35,023.35,023.41,023.39,023.41,023.41,023.41,023.41,023.47,023.45,
<28>
023.53,023.47,023.47,023.45,023.39,023.41,023.39,023.39,023.35,023.27,023.27,023.27,023.23,023.23,023.23,023.27,023.11,023.11,023.11,023.5,023.9,023.5,022.95,022.99,023.3,022.99,022.99,022.99,022.95,022.93,022.93,022.89,022.83,022.89,022.83,022.83,022.83,022.81,022.83,022.81,022.75,022.81,022.81,022.81,022.71,022.71,022.77,022.71,022.71,022.71,022.71,022.69,022.65,022.69,022.69,022.69,022.69,022.69,022.69,022.71,022.71,022.69,
<29>
022.69,022.69,022.71,022.71,022.77,022.71,022.77,022.77,022.77,022.77,022.77,022.77,022.71,022.75,022.83,022.81,022.81,022.81,022.83,022.81,022.83,022.89,022.87,022.89,022.89,022.95,022.93,022.95,022.95,022.95,022.95,022.95,022.95,022.99,022.99,022.95,022.99,023.3,023.9,023.5,023.5,023.9,023.9,023.9,023.11,023.15,023.15,023.15,023.17,023.21,023.21,023.23,023.23,023.29,023.29,023.29,023.27,023.27,023.29,023.35,023.35,023.39,
<30>
023.41,023.39,023.35,023.33,023.33,023.29,023.27,023.27,023.27,023.23,023.17,023.17,023.21,023.17,023.9,023.15,023.9,023.9,023.9,023.9,023.5,022.95,022.99,022.99,022.95,022.95,022.99,022.99,022.95,022.93,022.93,022.89,022.93,022.89,022.87,022.87,022.83,022.81,022.81,022.77,022.77,022.77,022.75,022.77,022.77,022.75,022.75,022.75,022.75,022.75,022.75,022.75,022.75,022.75,022.75,022.71,022.71,022.71,022.71,022.65,022.65,022.65,
<31>
022.63,022.63,022.59,022.59,022.63,022.63,022.63,022.69,022.69,022.69,022.69,022.63,022.69,022.69,022.69,022.69,022.71,022.75,022.75,022.75,022.71,022.75,022.75,022.77,022.75,022.81,022.83,022.83,022.83,022.87,022.87,022.89,022.93,022.89,022.89,022.93,022.95,022.95,022.95,022.95,022.99,022.99,023.3,023.9,023.9,023.11,023.11,023.11,023.15,023.15,023.15,023.15,023.17,023.17,023.21,023.23,023.23,023.29,023.29,023.35,023.35,023.39,
<32>
023.39,023.39,023.39,023.39,023.33,023.29,023.33,023.27,023.27,023.23,023.23,023.21,023.21,023.17,023.15,023.15,023.11,023.11,023.9,023.9,023.9,023.11,023.11,023.3,023.3,022.99,022.99,022.95,022.95,022.99,022.93,022.95,022.93,022.87,022.83,022.81,022.81,022.77,022.77,022.77,022.71,022.71,022.75,022.75,022.71,022.71,022.71,022.71,022.71,022.71,022.71,022.71,022.71,022.71,022.69,022.69,022.69,022.69,022.69,022.69,022.69,022.69,
<33>
022.63,022.63,022.59,022.69,022.63,022.69,022.69,022.69,022.69,022.69,022.69,022.69,022.63,022.69,022.69,022.69,022.69,022.69,022.71,022.71,022.75,022.71,022.71,022.77,022.77,022.77,022.81,022.81,022.83,022.87,022.87,022.87,022.93,022.89,022.99,022.95,022.99,022.95,022.93,022.93,022.95,022.99,022.99,022.93,022.99,023.3,023.3,023.9,023.9,023.11,023.15,023.15,023.15,023.15,023.17,023.23,023.23,023.27,023.27,023.29,023.29,023.29,
<34>
023.29,023.33,023.27,023.27,023.27,023.27,023.27,023.23,023.21,023.17,023.15,023.11,023.15,023.11,023.11,023.11,023.11,023.3,022.99,022.95,022.93,022.89,022.89,022.89,022.83,022.83,022.83,022.83,022.83,022.83,022.81,022.77,022.81,022.77,022.77,022.77,022.77,022.75,022.77,022.71,022.75,022.71,022.71,022.71,022.71,022.71,022.71,022.69,022.69,022.69,022.69,022.63,022.63,022.63,022.63,022.69,022.65,022.63,022.65,022.59,022.59,022.59,
<35>
022.65,022.65,022.57,022.59,022.65,022.65,022.65,022.59,022.63,022.65,022.65,022.65,022.63,022.65,022.63,022.65,022.69,022.65,022.69,022.69,022.71,022.71,022.71,022.69,022.71,022.75,022.71,022.77,022.71,022.77,022.77,022.77,022.83,022.83,022.81,022.83,022.83,022.83,022.87,022.93,022.89,022.89,022.93,022.93,022.93,022.93,022.89,022.87,022.83,022.83,022.93,023.3,023.11,023.23,023.29,023.41,023.41,023.39,023.35,023.41,023.45,023.47,023.45,
<36>
023.47,023.47,023.45,023.47,023.45,023.39,023.35,023.23,023.21,023.17,023.17,023.15,023.3,023.9,023.15,023.9,023.15,023.9,023.5,023.3,022.95,022.95,022.93,022.93,022.87,022.93,022.93,022.93,022.87,022.81,022.75,022.71,022.75,022.71,022.69,022.69,022.71,022.69,022.69,022.71,022.75,022.65,022.65,022.65,022.63,022.69,022.63,022.63,022.65,022.71,022.71,022.81,022.81,022.75,022.69,022.69,022.69,022.75,022.75,022.71,022.69,022.69,
<37>
022.63,022.63,022.65,022.63,022.69,022.71,022.71,022.71,022.71,022.63,022.77,022.81,022.81,022.83,022.81,022.81,022.77,022.81,022.81,022.81,022.81,022.81,022.81,022.87,022.83,022.81,022.87,022.87,022.93,022.99,023.3,022.99,022.93,022.95,022.83,022.87,022.93,022.83,022.93,023.9,023.15,023.15,023.15,023.5,023.9,023.3,023.5,023.9,023.15,023.11,023.5,023.3,023.5,023.11,023.17,023.21,023.23,023.27,023.33,023.35,023.35,023.35,
<38>
023.35,023.41,023.39,023.35,023.33,023.29,023.27,023.27,023.21,023.23,023.23,023.23,023.21,023.23,023.21,023.17,023.17,023.17,023.17,023.11,023.15,023.15,023.11,023.11,023.9,023.9,023.9,023.9,023.15,023.11,023.9,023.9,023.5,023.5,022.99,022.93,022.95,022.95,023.5,022.99,023.3,023.9,022.99,022.99,023.3,022.95,022.95,022.89,022.89,022.89,022.89,022.95,022.93,022.87,022.87,022.93,022.93,022.93,022.93,022.93,022.89,022.89,
<39>
022.87,022.89,022.93,022.93,022.87,022.95,022.93,022.95,022.95,022.93,022.93,022.93,022.93,022.89,022.89,022.95,023.3,022.99,022.95,022.99,022.95,022.99,022.95,023.3,022.99,023.9,023.5,023.15,023.15,023.17,023.21,023.21,023.21,023.21,023.21,023.27,023.27,023.27,023.33,023.29,023.35,023.33,023.35,023.41,023.39,023.41,023.41,023.41,023.45,023.47,023.51,023.57,023.65,023.65,023.71,023.71,023.75,023.79,023.85,023.81,023.87,023.87,
<40>
023.87,023.85,023.87,023.85,023.79,023.81,023.71,023.75,023.75,023.71,023.71,023.65,023.63,023.63,023.63,023.51,023.53,023.51,023.45,023.41,023.35,023.33,023.29,023.29,023.29,023.33,023.27,023.27,023.21,023.23,023.21,023.21,023.15,023.11,023.15,023.15,023.15,023.11,023.9,023.5,023.5,023.9,023.11,023.11,023.11,023.11,023.5,023.9,023.9,023.5,023.5,023.5,023.5,023.5,023.5,022.99,023.3,022.99,023.9,023.3,023.3,023.3,
<41>
023.3,022.95,023.3,023.3,022.99,023.5,023.5,023.5,023.5,023.9,023.11,023.9,023.5,023.11,023.11,023.11,023.21,023.21,023.21,023.27,023.29,023.27,023.33,023.33,023.35,023.35,023.33,023.35,023.33,023.35,023.39,023.41,023.41,023.39,023.41,023.47,023.47,023.47,023.53,023.59,023.59,023.65,023.71,023.71,023.71,023.75,023.75,023.75,023.85,023.87,023.91,023.93,024.3,024.5,024.3,024.3,024.5,024.15,024.15,024.15,024.17,024.17,
<42>
024.21,024.21,024.15,024.15,024.9,024.5,024.3,023.99,023.93,023.93,023.93,023.91,023.87,023.87,023.87,023.91,023.87,023.81,023.81,023.79,023.79,023.75,023.69,023.65,023.65,023.65,023.63,023.57,023.59,023.59,023.57,023.53,023.53,023.51,023.51,023.51,023.51,023.47,023.41,023.47,023.45,023.39,023.35,023.35,023.35,023.29,023.29,023.29,023.29,023.29,023.27,023.23,023.23,023.23,023.21,023.21,023.17,023.17,023.21,023.17,023.17,023.17,
<43>
023.17,023.15,023.17,023.17,023.21,023.21,023.21,023.23,023.23,023.23,023.27,023.27,023.21,023.27,023.27,023.23,023.29,023.33,023.29,023.33,023.29,023.35,023.35,023.39,023.39,023.45,023.51,023.53,023.59,023.57,023.57,023.57,023.57,023.63,023.63,023.65,023.65,023.71,023.71,023.79,023.75,023.81,023.85,023.85,023.85,023.93,023.99,023.99,024.3,023.99,023.99,024.3,024.3,024.3,024.3,024.3,024.3,024.9,024.11,024.15,024.15,024.17,024.21,
<44>
024.17,024.17,024.15,024.11,024.9,024.9,024.5,024.5,024.3,023.97,023.99,023.87,023.85,023.85,023.81,023.79,023.75,023.79,023.75,023.71,023.71,023.69,023.65,023.63,023.59,023.59,023.51,023.51,023.47,023.45,023.39,023.39,023.35,023.29,023.27,023.29,023.27,023.23,023.23,023.17,023.17,023.15,023.11,023.9,023.9,023.9,023.11,023.9,023.15,023.11,023.11,023.15,023.21,023.17,023.15,023.11,023.5,023.5,023.9,023.5,023.5,023.5,
<45>
023.3,023.3,022.99,023.3,023.3,023.5,023.9,023.5,023.5,023.5,023.5,023.9,023.11,023.15,023.15,023.15,023.17,023.17,023.21,023.27,023.27,023.27,023.27,023.29,023.27,023.29,023.33,023.33,023.33,023.39,023.39,023.39,023.39,023.45,023.51,023.51,023.57,023.53,023.65,023.69,023.65,023.69,023.69,023.75,023.79,023.79,023.75,023.75,023.81,023.85,023.85,023.85,023.87,023.91,023.91,023.93,023.99,023.93,023.97,024.5,024.3,024.3,
<46>
024.3,024.5,024.3,023.99,023.97,023.97,023.93,023.87,023.85,023.87,023.85,023.79,023.75,023.75,023.79,023.71,023.71,023.63,023.69,023.59,023.59,023.63,023.53,023.53,023.45,023.45,023.45,023.45,023.45,023.45,023.45,023.41,023.35,023.35,023.35,023.33,023.33,023.27,023.27,023.27,023.23,023.21,023.21,023.17,023.17,023.15,023.11,023.11,023.9,023.5,023.9,023.9,023.5,023.5,023.9,023.5,023.3,022.99,022.95,022.95,022.99,022.89,
<47>
022.93,022.95,022.89,022.95,022.95,022.93,022.95,022.93,022.95,022.89,022.95,022.93,022.95,023.3,023.3,023.3,023.15,023.11,023.17,023.15,023.15,023.17,023.15,023.15,023.21,023.21,023.23,023.23,023.23,023.27,023.29,023.33,023.33,023.39,023.41,023.39,023.41,023.47,023.47,023.47,023.47,023.51,023.53,023.51,023.57,023.59,023.57,023.57,023.69,023.65,023.69,023.69,023.71,023.71,023.75,023.75,023.79,023.79,023.91,023.91,023.85,023.85,
<48>
023.85,023.91,023.85,023.79,023.79,023.75,023.65,023.65,023.65,023.63,023.57,023.57,023.53,023.53,023.47,023.47,023.47,023.45,023.41,023.41,023.41,023.41,023.39,023.35,023.33,023.35,023.35,023.33,023.29,023.29,023.27,023.27,023.29,023.23,023.21,023.21,023.17,023.21,023.21,023.15,023.11,023.15,023.11,023.15,023.11,023.3,023.3,023.3,023.3,022.99,022.95,022.99,022.99,022.95,022.89,022.93,022.95,022.93,022.93,022.93,022.93,022.83,
<49>
022.83,022.87,022.89,022.87,022.83,022.83,022.87,022.83,022.87,022.89,022.89,022.93,022.93,022.93,022.93,022.89,022.95,022.99,023.3,022.95,022.95,022.99,023.3,023.5,023.5,023.3,023.9,023.11,023.11,023.15,023.17,023.17,023.17,023.21,023.17,023.17,023.21,023.23,023.23,023.27,023.27,023.29,023.33,023.35,023.35,023.35,023.39,023.47,023.47,023.41,023.47,023.51,023.47,023.47,023.53,023.53,023.57,023.57,023.59,023.59,023.69,023.65,
<50>
023.65,023.69,023.65,023.65,023.65,023.59,023.59,023.57,023.57,023.53,023.51,023.51,023.47,023.45,023.45,023.45,023.39,023.39,023.33,023.35,023.33,023.33,023.27,023.27,023.27,023.23,023.23,023.27,023.17,023.17,023.15,023.17,023.11,023.15,023.9,023.5,023.5,023.9,023.9,023.5,023.5,022.99,022.99,022.99,022.95,022.95,022.95,022.93,022.95,022.93,022.89,022.89,022.93,022.93,022.93,022.89,022.89,022.89,022.89,022.93,022.89,022.89,
<51>
022.89,022.83,022.87,022.83,022.89,022.87,022.87,022.87,022.87,022.83,022.87,022.87,022.87,022.89,022.93,022.95,022.95,022.93,022.93,022.93,022.99,022.99,022.99,023.3,022.99,022.99,023.9,023.9,023.9,023.9,023.11,023.11,023.15,023.17,023.17,023.21,023.21,023.21,023.21,023.23,023.23,023.23,023.29,023.27,023.29,023.33,023.35,023.35,023.39,023.41,023.45,023.47,023.47,023.47,023.53,023.59,023.59,023.59,023.59,023.59,023.69,023.71,
<52>
023.71,023.65,023.63,023.63,023.63,023.57,023.59,023.53,023.53,023.53,023.53,023.47,023.39,023.41,023.35,023.35,023.35,023.29,023.33,023.29,023.27,023.23,023.23,023.23,023.23,023.17,023.21,023.23,023.17,023.15,023.11,023.11,023.11,023.11,023.11,023.9,023.5,022.99,022.99,022.95,022.93,022.89,022.93,022.89,022.89,022.89,022.83,022.83,022.83,022.83,022.81,022.83,022.81,022.77,022.77,022.77,022.75,022.71,022.71,022.75,022.71,022.71,022.65,
<53>
022.69,022.65,022.71,022.71,022.75,022.71,022.71,022.77,022.75,022.75,022.71,022.75,022.75,022.77,022.81,022.83,022.77,022.81,022.83,022.83,022.83,022.87,022.89,022.83,022.87,022.89,022.89,022.89,022.93,022.93,022.93,022.95,022.95,023.3,023.3,023.3,023.5,023.5,023.9,023.9,023.15,023.17,023.27,023.23,023.29,023.33,023.35,023.41,023.41,023.45,023.47,023.41,023.47,023.51,023.51,023.59,023.51,023.51,023.59,023.59,023.59,023.59,
<54>
023.59,023.57,023.57,023.57,023.53,023.51,023.47,023.47,023.47,023.45,023.45,023.39,023.35,023.33,023.33,023.27,023.21,023.15,023.11,023.15,023.15,023.11,023.15,023.11,023.9,023.15,023.3,023.3,022.99,022.99,022.99,023.3,022.95,022.99,022.93,022.93,022.93,022.89,022.93,022.89,022.83,022.83,022.81,022.81,022.81,022.81,022.81,022.77,022.77,022.75,022.77,022.71,022.71,022.69,022.71,022.69,022.71,022.69,022.65,022.59,022.65,022.63,
<55>
022.65,022.65,022.59,022.65,022.63,022.59,022.65,022.59,022.63,022.63,022.63,022.63,022.65,022.65,022.65,022.69,022.65,022.65,022.69,022.71,022.71,022.77,022.83,022.75,022.83,022.83,022.83,022.83,022.81,022.87,022.87,022.87,022.93,022.95,022.93,022.95,023.3,023.9,023.5,023.11,023.15,023.11,023.15,023.15,023.17,023.21,023.21,023.21,023.21,023.23,023.29,023.35,023.35,023.39,023.41,023.41,023.45,023.35,023.39,023.45,023.41,023.47,
<56>
023.51,023.51,023.51,023.47,023.41,023.47,023.45,023.41,023.39,023.39,023.33,023.29,023.27,023.27,023.23,023.23,023.23,023.17,023.11,023.15,023.11,023.11,023.9,023.3,023.11,023.9,023.5,023.3,022.99,022.99,022.95,022.93,022.93,022.87,022.89,022.87,022.83,022.77,022.81,022.81,022.83,022.75,022.77,022.71,022.75,022.71,022.69,022.71,022.65,022.65,022.63,022.69,022.69,022.63,022.63,022.65,022.69,022.65,022.65,022.69,022.69,022.71,
<57>
022.75,022.71,022.75,022.69,022.71,022.71,022.71,022.75,022.75,022.69,022.75,022.71,022.71,022.65,022.71,022.71,022.71,022.69,022.69,022.71,022.71,022.75,022.83,022.83,022.75,022.81,022.75,022.77,022.81,022.81,022.83,022.83,022.87,022.87,022.83,022.89,022.95,022.99,023.3,022.99,022.93,022.89,022.87,022.89,022.89,022.95,022.95,022.99,022.99,023.3,023.5,023.5,023.11,023.17,023.17,023.21,023.27,023.27,023.33,023.29,023.35,023.35,
<58>
023.35,023.39,023.33,023.35,023.35,023.29,023.33,023.33,023.27,023.29,023.23,023.27,023.21,023.23,023.17,023.17,023.11,023.9,022.99,023.5,022.99,023.5,023.3,022.99,023.5,023.5,023.5,022.95,022.95,022.95,022.95,022.95,022.89,022.89,022.87,022.83,022.83,022.83,022.87,022.83,022.81,022.71,022.71,022.69,022.65,022.69,022.65,022.65,022.65,022.65,022.65,022.57,022.53,022.57,022.53,022.53,022.53,022.53,022.57,022.53,022.53,022.53,
<59>
022.53,022.51,022.57,022.53,022.57,022.53,022.51,022.53,022.59,022.63,022.63,022.69,022.63,022.63,022.69,022.63,022.63,022.63,022.59,022.69,022.69,022.69,022.69,022.69,022.69,022.71,022.71,022.75,022.77,022.75,022.77,022.81,022.83,022.83,022.87,022.87,022.87,022.93,022.93,022.93,022.95,022.95,022.99,022.99,023.3,023.3,023.9,023.9,023.11,023.15,023.21,023.21,023.21,023.23,023.23,023.27,023.29,023.33,023.33,023.29,023.35,023.39,
<60>
023.45,023.45,023.45,023.35,023.33,023.29,023.29,023.33,023.29,023.29,023.29,023.23,023.17,023.17,023.11,023.11,023.11,023.11,023.9,023.9,023.3,022.99,023.3,023.3,022.99,022.95,022.93,022.89,022.83,022.81,022.83,022.87,022.87,022.83,022.83,022.83,022.81,022.77,022.77,022.71,022.71,022.71,022.71,022.69,022.59,022.69,022.63,022.63,022.63,022.63,022.59,022.57,022.53,022.53,022.53,022.53,022.53,022.57,022.57,022.59,022.57,022.59,022.59,
<61>
022.51,022.53,022.57,022.57,022.57,022.57,022.59,022.59,022.59,022.59,022.57,022.57,022.59,022.57,022.59,022.65,022.69,022.69,022.69,022.69,022.69,022.69,022.65,022.71,022.71,022.71,022.75,022.75,022.75,022.77,022.77,022.77,022.77,022.77,022.83,022.81,022.83,022.83,022.89,022.89,022.93,022.89,022.95,023.3,022.99,022.99,023.5,023.5,023.3,023.3,023.5,023.11,023.11,023.15,023.17,023.15,023.21,023.27,023.27,023.29,023.29,023.35,
<62>
023.35,023.29,023.33,023.33,023.29,023.29,023.27,023.27,023.23,023.23,023.21,023.23,023.21,023.21,023.17,023.9,023.9,023.3,023.5,022.93,022.95,022.89,022.93,022.83,022.71,022.69,022.65,022.59,022.63,022.63,022.59,022.53,022.53,022.53,022.51,022.47,022.43,022.41,022.43,022.37,022.43,022.43,022.57,022.53,022.53,022.53,022.53,022.43,022.53,022.43,022.51,022.43,022.43,022.43,022.43,022.43,022.51,022.51,022.51,022.51,022.63,022.89,
<63>
022.75,022.53,022.51,022.47,022.37,022.31,022.25,022.23,022.35,022.29,022.29,022.25,022.29,022.37,022.43,022.41,022.47,022.47,022.53,022.59,022.69,022.75,022.71,022.65,022.71,022.75,022.71,022.75,022.71,022.71,022.75,022.83,022.83,022.83,022.81,022.87,022.87,022.89,022.93,022.95,022.99,022.99,023.3,023.5,023.5,023.5,023.5,023.5,023.9,023.11,023.15,023.15,023.23,023.21,023.23,023.29,023.29,023.27,023.27,023.29,023.27,023.27,
<64>
023.21,023.17,023.15,023.11,023.9,023.9,022.99,022.95,022.99,022.99,022.89,022.89,022.87,022.89,022.89,022.89,022.93,022.89,022.89,022.87,022.87,022.87,022.87,022.83,022.83,022.83,022.81,022.83,022.75,022.75,022.69,022.75,022.75,022.75,022.69,022.69,022.69,022.69,022.69,022.59,022.57,022.57,022.57,022.53,022.57,022.57,022.57,022.59,022.53,022.53,022.57,022.53,022.53,022.47,022.47,022.53,022.47,022.47,022.47,022.47,022.51,022.47,
<65>
022.47,022.51,022.51,022.47,022.51,022.47,022.51,022.47,022.47,022.57,022.57,022.57,022.59,022.63,022.59,022.59,022.65,022.59,022.65,022.69,022.69,022.65,022.65,022.65,022.69,022.59,022.63,022.65,022.65,022.65,022.69,022.71,022.75,022.75,022.75,022.77,022.81,022.81,022.87,022.89,022.89,022.95,022.93,022.95,022.93,023.5,023.9,023.5,023.5,022.95,023.9,023.11,023.11,023.11,023.15,023.21,023.33,023.35,023.17,023.15,023.5,023.5,
<66>
023.5,023.9,023.11,023.11,023.15,023.15,023.11,023.5,023.5,022.93,022.93,022.99,022.95,022.93,022.93,022.89,022.87,022.89,022.87,022.87,022.87,022.87,022.87,022.87,022.87,022.83,022.81,022.75,022.75,022.69,022.71,022.69,022.69,022.65,022.65,022.59,022.59,022.59,022.65,022.57,022.59,022.53,022.59,022.69,022.57,022.53,022.53,022.51,022.47,022.41,022.43,022.41,022.41,022.37,022.35,022.31,022.31,022.35,022.31,022.37,022.35,022.37,
<67>
022.43,022.41,022.41,022.43,022.47,022.41,022.43,022.41,022.47,022.47,022.47,022.47,022.47,022.47,022.43,022.51,022.51,022.53,022.43,022.43,022.43,022.47,022.51,022.53,022.53,022.57,022.63,022.57,022.57,022.63,022.63,022.63,022.63,022.69,022.69,022.65,022.65,022.63,022.65,022.69,022.71,022.71,022.81,022.81,022.77,022.77,022.77,022.81,022.87,022.87,022.87,022.99,022.95,022.99,023.3,023.5,023.5,023.3,023.5,023.11,023.15,023.15,
<68>
023.17,023.17,023.11,023.17,023.15,023.9,023.9,023.5,023.9,023.9,023.9,023.5,023.5,022.95,022.95,022.89,022.89,022.83,022.81,022.83,022.87,022.83,022.83,022.83,022.83,022.83,022.77,022.77,022.81,022.71,022.75,022.75,022.75,022.65,022.65,022.69,022.65,022.65,022.65,022.65,022.65,022.59,022.65,022.59,022.59,022.59,022.65,022.57,022.57,022.53,022.53,022.53,022.51,022.47,022.47,022.47,022.43,022.43,022.41,022.41,022.43,022.43,
<69>
022.43,022.41,022.37,022.43,022.47,022.47,022.53,022.51,022.51,022.57,022.53,022.51,022.53,022.51,022.43,022.43,022.43,022.47,022.51,022.51,022.51,022.57,022.53,022.53,022.57,022.53,022.57,022.57,022.65,022.63,022.59,022.59,022.65,022.65,022.71,022.71,022.71,022.69,022.71,022.75,022.77,022.77,022.83,022.87,022.89,022.89,022.89,022.89,022.93,022.93,022.89,022.89,022.95,022.95,023.9,023.5,023.11,023.11,023.11,023.11,023.9,023.11,023.15,
<70>
023.17,023.15,023.15,023.15,023.11,023.11,023.11,023.11,023.9,023.5,023.3,022.95,022.95,022.99,022.87,022.89,022.89,022.87,022.83,022.81,022.81,022.83,022.83,022.77,022.77,022.69,022.71,022.71,022.69,022.69,022.69,022.59,022.59,022.59,022.59,022.59,022.59,022.59,022.59,022.59,022.63,022.59,022.59,022.57,022.47,022.51,022.47,022.53,022.57,022.59,022.57,022.51,022.51,022.53,022.57,022.57,022.57,022.57,022.57,022.59,022.57,022.57,
<71>
022.53,022.53,022.51,022.47,022.43,022.43,022.47,022.53,022.53,022.53,022.57,022.53,022.59,022.57,022.59,022.65,022.65,022.65,022.65,022.65,022.65,022.69,022.59,022.59,022.69,022.69,022.63,022.69,022.65,022.69,022.77,022.77,022.83,022.81,022.83,022.81,022.75,022.81,022.83,022.75,022.75,022.81,022.83,022.83,022.83,022.83,022.87,022.89,022.93,022.89,022.95,023.3,023.3,023.5,023.3,023.5,023.5,023.5,023.5,023.5,023.9,023.11,
<72>
023.11,023.9,023.5,023.11,023.3,022.99,023.3,022.93,022.93,022.93,022.93,022.83,022.89,022.87,022.81,022.81,022.81,022.83,022.81,022.81,022.77,022.77,022.69,022.69,022.65,022.63,022.59,022.63,022.63,022.63,022.63,022.53,022.51,022.53,022.53,022.51,022.51,022.37,022.37,022.29,022.35,022.35,022.35,022.47,022.59,022.59,022.65,022.71,022.71,022.65,022.75,022.75,022.75,022.65,022.65,022.63,022.59,022.63,022.65,022.63,022.65,022.63,
<73>
022.59,022.59,022.59,022.63,022.63,022.57,022.59,022.57,022.57,022.59,022.59,022.53,022.51,022.59,022.59,022.65,022.63,022.59,022.59,022.57,022.53,022.59,022.63,022.63,022.65,022.75,022.75,022.75,022.71,022.75,022.75,022.71,022.75,022.81,022.77,022.81,022.77,022.87,022.83,022.89,022.87,022.93,022.89,022.83,022.87,022.89,022.93,022.95,022.95,023.3,023.3,023.5,023.9,023.17,023.17,023.11,023.9,023.11,023.9,023.11,023.11,023.11,
<74>
023.11,023.17,023.15,023.15,023.15,023.15,023.17,023.17,023.11,023.15,023.11,023.5,023.9,023.5,023.3,023.3,023.3,023.3,023.3,022.87,022.83,022.81,022.83,022.77,022.71,022.75,022.81,022.81,022.77,022.75,022.69,022.65,022.69,022.65,022.65,022.63,022.63,022.63,022.63,022.65,022.69,022.71,022.75,022.75,022.71,022.75,022.65,022.69,022.69,022.65,022.69,022.65,022.65,022.65,022.59,022.57,022.63,022.57,022.57,022.63,022.63,022.65,
<75>
022.65,022.65,022.65,022.59,022.63,022.59,022.65,022.59,022.65,022.65,022.65,022.71,022.69,022.69,022.71,022.71,022.71,022.71,022.71,022.75,022.69,022.71,022.75,022.69,022.75,022.75,022.71,022.77,022.81,022.81,022.89,022.89,022.89,022.89,022.89,022.95,022.95,022.99,022.99,023.5,023.9,023.15,023.15,023.15,023.17,023.17,023.17,023.23,023.27,023.27,023.33,023.33,023.33,023.39,023.41,023.45,023.41,023.51,023.53,023.57,023.53,023.59,
<76>
023.59,023.59,023.59,023.59,023.57,023.53,023.51,023.51,023.39,023.41,023.35,023.35,023.35,023.29,023.29,023.29,023.33,023.23,023.27,023.23,023.17,023.21,023.21,023.23,023.21,023.17,023.17,023.15,023.11,023.5,023.9,023.9,023.9,023.5,023.3,022.95,022.95,022.95,022.89,022.93,022.99,022.95,022.89,022.87,022.75,022.75,022.75,022.71,022.69,022.69,022.63,022.65,022.57,022.63,022.65,022.63,022.63,022.59,022.57,022.53,022.53,022.57,
<77>
022.59,022.63,022.59,022.63,022.63,022.63,022.69,022.65,022.69,022.69,022.69,022.71,022.71,022.71,022.77,022.69,022.77,022.83,022.81,022.81,022.81,022.87,022.87,022.89,022.89,022.89,022.93,022.95,022.95,022.99,023.3,022.99,022.99,022.99,022.99,023.9,023.9,023.11,023.15,023.21,023.21,023.21,023.21,023.29,023.27,023.33,023.35,023.39,023.39,023.39,023.41,023.53,023.57,023.63,023.63,023.65,023.65,023.69,023.75,023.75,023.81,023.85,023.87,
<78>
023.87,023.81,023.85,023.79,023.75,023.81,023.75,023.75,023.71,023.71,023.71,023.69,023.65,023.69,023.65,023.63,023.63,023.53,023.51,023.51,023.51,023.47,023.45,023.41,023.41,023.41,023.39,023.35,023.33,023.33,023.29,023.29,023.29,023.17,023.21,023.17,023.15,023.11,023.11,023.11,023.11,023.9,023.9,023.9,023.5,023.9,023.5,023.5,023.5,023.3,022.99,023.3,022.95,022.93,022.93,022.93,022.93,022.93,022.93,022.93,022.87,022.87,
<79>
022.87,022.89,022.83,022.89,022.89,022.89,022.89,022.93,022.95,022.93,022.93,022.93,022.99,022.95,022.99,022.99,023.5,023.5,023.11,023.11,023.15,023.21,023.17,023.23,023.17,023.21,023.23,023.27,023.23,023.33,023.29,023.33,023.33,023.39,023.41,023.47,023.45,023.47,023.53,023.47,023.53,023.53,023.57,023.65,023.69,023.79,023.81,023.85,023.81,023.85,023.85,023.87,023.91,023.91,023.93,023.97,023.99,023.99,024.5,024.9,024.15,024.23,
<80>
024.21,024.21,024.15,024.15,024.15,024.9,024.3,023.99,023.93,023.93,023.91,023.91,023.91,023.87,023.85,023.85,023.85,023.85,023.79,023.71,023.71,023.65,023.69,023.69,023.63,023.63,023.59,023.53,023.53,023.57,023.53,023.57,023.57,023.51,023.51,023.51,023.45,023.45,023.35,023.33,023.29,023.29,023.27,023.23,023.17,023.21,023.23,023.17,023.15,023.15,023.15,023.15,023.11,023.11,023.11,023.11,023.11,023.15,023.15,023.11,023.5,023.5,
<81>
023.9,023.11,023.9,023.11,023.15,023.5,023.15,023.21,023.15,023.21,023.21,023.27,023.23,023.23,023.29,023.27,023.29,023.33,023.33,023.35,023.35,023.35,023.35,023.35,023.39,023.41,023.39,023.41,023.39,023.47,023.45,023.53,023.57,023.57,023.59,023.63,023.65,023.71,023.71,023.75,023.75,023.75,023.85,023.87,023.93,023.93,023.99,024.3,024.3,024.9,024.11,024.11,024.15,024.17,024.29,024.27,024.35,024.39,024.41,024.45,024.45,024.47,
<82>
024.45,024.41,024.29,024.29,024.21,024.15,024.11,024.17,024.15,024.5,023.93,023.93,023.91,023.93,023.93,023.91,023.85,023.79,023.79,023.79,023.81,023.71,023.59,023.51,023.53,023.51,023.51,023.51,023.45,023.41,023.39,023.39,023.39,023.35,023.39,023.33,023.33,023.33,023.35,023.29,023.33,023.23,023.21,023.21,023.11,023.11,023.9,023.9,023.11,023.9,023.5,023.5,023.5,023.5,023.3,023.3,023.5,023.5,023.3,023.3,022.99,023.3,
