<image size: 82 x 62>
<1>
021.43,021.45,021.43,021.39,021.33,021.29,021.37,021.33,021.29,022.81,023.39,023.57,023.63,023.63,023.65,023.97,024.69,025.35,025.53,025.59,025.61,025.31,025.1,024.89,024.93,024.89,024.89,024.89,024.93,024.95,024.93,025.1,024.99,025.5,025.11,025.11,025.13,025.23,025.23,025.29,025.35,025.37,025.43,025.47,025.61,025.59,025.63,025.67,025.69,025.75,025.81,025.79,025.79,025.85,025.81,025.79,025.79,025.75,025.75,025.75,025.79,025.81,
<2>
025.79,025.75,025.75,025.81,025.85,025.91,025.97,025.97,026.3,026.3,026.11,026.15,026.15,026.15,026.17,026.17,026.21,026.23,026.17,026.17,026.21,026.15,026.23,026.23,026.27,026.35,026.31,026.35,026.31,026.35,026.43,026.47,026.47,026.55,026.59,026.59,026.65,026.65,026.71,026.67,026.71,026.73,026.79,026.79,026.79,026.79,026.85,026.93,026.93,026.93,026.93,026.97,026.97,026.93,026.97,026.97,026.91,026.79,026.77,026.77,026.77,026.67,
<3>
026.79,026.85,026.91,026.93,027.5,027.5,027.5,027.17,027.17,027.17,027.25,027.25,027.29,027.29,027.25,027.29,027.23,027.23,027.29,027.25,027.25,027.25,027.21,027.21,027.25,027.25,027.25,027.25,027.29,027.21,027.21,027.17,027.17,027.5,027.5,027.9,027.11,027.5,027.5,027.9,027.9,027.9,027.11,027.11,027.9,027.11,027.15,027.15,027.15,027.11,027.15,027.17,027.17,027.9,027.11,027.9,027.5,027.3,026.97,026.93,026.93,026.93,
<4>
026.93,026.97,027.3,027.9,027.15,027.61,027.75,027.81,027.21,027.21,027.21,027.37,027.37,027.37,027.35,027.43,027.41,027.41,027.43,027.47,027.43,027.49,027.49,027.53,027.53,027.63,027.69,027.69,027.73,027.75,027.79,027.73,027.79,027.85,027.91,028.1,027.95,027.95,028.1,028.1,028.5,028.7,028.7,028.11,028.11,028.13,028.11,028.11,028.7,028.11,028.17,028.13,028.13,028.13,028.13,028.5,028.11,028.5,028.1,027.93,027.87,027.85,
<5>
027.93,028.5,028.7,028.11,028.17,028.19,028.23,028.27,028.23,028.25,028.27,028.27,028.39,028.39,028.37,028.31,028.33,028.33,028.33,028.31,028.31,028.31,028.33,028.25,028.27,028.27,028.23,028.23,028.23,028.23,028.17,028.13,028.19,028.13,028.11,028.7,028.5,028.5,027.93,027.95,027.93,027.93,027.91,027.91,027.91,027.87,027.87,027.81,027.79,027.73,027.75,027.75,027.73,027.69,027.63,027.67,027.55,027.49,027.49,027.47,027.37,027.35,
<6>
027.31,027.35,027.43,027.47,027.49,027.55,027.55,027.59,027.73,027.79,027.79,027.81,027.81,027.91,027.93,027.93,027.95,028.1,028.1,028.1,028.5,028.7,028.11,028.13,028.23,028.31,028.33,028.31,028.27,028.27,028.27,028.33,028.39,028.45,028.45,028.47,028.47,028.45,028.51,028.51,028.57,028.57,028.63,028.65,028.57,028.57,028.59,028.53,028.47,028.47,028.45,028.53,028.59,028.59,028.63,028.63,028.51,028.39,028.31,028.17,028.13,028.11,
<7>
028.11,028.19,028.23,028.23,028.33,028.37,028.57,028.65,028.57,028.53,028.53,028.63,028.57,028.45,028.47,028.37,028.31,028.37,028.33,028.37,028.39,028.43,028.33,028.37,028.33,028.37,028.43,028.33,028.19,028.25,028.31,028.31,028.27,028.25,028.25,028.19,028.11,028.5,028.1,027.95,027.85,027.75,027.67,027.61,027.63,027.61,027.49,027.37,027.35,027.29,027.23,027.23,027.23,027.29,027.29,027.29,027.29,027.25,027.21,027.23,027.21,027.5,
<8>
026.97,026.99,027.5,027.5,027.11,027.23,027.31,027.35,027.41,027.41,027.49,027.53,027.61,027.63,027.73,027.69,027.79,027.85,027.87,027.87,027.95,028.5,028.5,028.5,028.11,028.19,028.25,028.33,028.27,028.27,028.27,028.33,028.45,028.51,028.63,028.65,028.69,028.69,028.71,028.75,028.77,028.77,028.85,028.89,028.89,028.89,028.83,028.85,028.83,028.89,028.95,028.95,028.95,028.85,028.89,028.89,028.79,028.77,028.83,028.79,028.79,028.83,
<9>
028.75,028.83,028.89,028.85,028.85,028.91,028.95,029.3,028.97,028.91,028.89,028.91,028.99,028.97,028.97,028.97,028.97,028.97,028.95,028.95,028.95,028.89,028.83,028.91,028.89,028.85,028.77,028.69,028.65,028.63,028.57,028.69,028.57,028.53,028.53,028.47,028.39,028.27,028.31,028.25,028.19,028.13,028.13,028.7,028.1,027.93,027.87,027.87,027.79,027.75,027.63,027.63,027.53,027.49,027.43,027.35,027.25,027.23,027.15,027.15,027.17,027.11,027.11,
<10>
027.11,027.21,027.23,027.29,027.29,027.31,027.37,027.47,027.53,027.55,027.63,027.69,027.73,027.73,027.69,027.75,027.79,027.85,027.91,028.1,028.11,028.7,028.19,028.27,028.25,028.27,028.33,028.39,028.43,028.51,028.59,028.69,028.71,028.75,028.75,028.71,028.71,028.71,028.77,028.83,028.89,028.89,028.85,028.89,028.89,028.97,029.5,029.5,029.9,029.19,029.19,029.19,029.23,029.19,029.19,029.15,029.15,029.15,029.15,029.17,029.15,029.15,
<11>
029.19,029.25,029.29,029.25,029.29,029.35,029.25,029.29,029.31,029.31,029.25,029.25,029.29,029.19,029.17,029.17,029.17,029.17,029.15,029.15,029.11,029.5,028.99,028.95,028.91,028.83,028.83,028.79,028.71,028.65,028.63,028.45,028.43,028.43,028.47,028.43,028.43,028.33,028.23,028.11,028.7,028.1,028.1,027.95,028.1,027.95,027.75,027.75,027.63,027.63,027.55,027.53,027.53,027.41,027.41,027.31,027.25,027.25,027.11,027.3,026.99,026.97,
<12>
026.97,026.99,027.15,027.15,027.17,027.23,027.29,027.25,027.41,027.43,027.55,027.61,027.67,027.69,027.85,027.85,027.87,027.95,028.1,027.95,028.7,028.25,028.31,028.33,028.37,028.45,028.59,028.65,028.65,028.75,028.77,028.79,028.85,028.95,028.95,029.3,029.3,029.9,029.11,029.15,029.15,029.19,029.19,029.25,029.23,029.29,029.31,029.29,029.35,029.31,029.35,029.39,029.35,029.39,029.31,029.29,029.37,029.31,029.31,029.31,029.25,029.23,
<13>
029.17,029.23,029.19,029.23,029.23,029.29,029.35,029.37,029.45,029.45,029.37,029.37,029.35,029.37,029.35,029.35,029.31,029.25,029.19,029.15,029.15,029.9,029.3,028.97,028.85,028.77,028.69,028.63,028.65,028.51,028.47,028.51,028.51,028.51,028.45,028.47,028.45,028.45,028.39,028.37,028.27,028.19,028.13,027.95,027.87,027.85,027.81,027.81,027.79,027.63,027.59,027.59,027.47,027.43,027.41,027.25,027.17,027.9,027.3,027.3,026.99,026.99,
<14>
026.99,027.5,026.97,027.5,027.17,027.25,027.35,027.41,027.37,027.47,027.53,027.61,027.67,027.75,027.87,027.87,027.81,027.99,028.5,028.13,028.19,028.19,028.25,028.31,028.47,028.57,028.59,028.65,028.69,028.77,028.85,028.89,028.95,028.99,028.99,029.5,029.5,029.15,029.17,029.23,029.29,029.23,029.29,029.39,029.39,029.45,029.49,029.51,029.55,029.51,029.45,029.51,029.49,029.43,029.45,029.49,029.39,029.49,029.51,029.55,029.51,029.55,
<15>
029.49,029.55,029.57,029.63,029.65,029.63,029.63,029.65,029.63,029.63,029.63,029.63,029.63,029.69,029.65,029.59,029.57,029.55,029.51,029.49,029.45,029.39,029.37,029.31,029.19,029.19,029.11,029.9,029.9,029.5,028.99,028.97,028.95,028.77,028.77,028.71,028.69,028.63,028.51,028.45,028.37,028.31,028.27,028.23,028.11,027.95,027.93,027.91,027.81,027.73,027.63,027.55,027.59,027.59,027.49,027.37,027.35,027.31,027.23,027.23,027.17,027.3,
<16>
026.97,027.5,027.5,027.17,027.17,027.23,027.35,027.41,027.47,027.55,027.61,027.63,027.69,027.73,027.81,027.85,027.95,028.5,028.19,028.23,028.31,028.43,028.43,028.45,028.51,028.51,028.53,028.71,028.77,028.83,028.83,028.89,028.97,028.95,028.99,029.9,029.11,029.19,029.25,029.31,029.35,029.37,029.45,029.49,029.51,029.51,029.51,029.59,029.63,029.65,029.63,029.71,029.65,029.65,029.65,029.63,029.63,029.65,029.65,029.65,029.65,029.65,
<17>
029.65,029.65,029.69,029.69,029.71,029.69,029.69,029.83,029.79,029.75,029.71,029.75,029.71,029.69,029.71,029.71,029.71,029.69,029.65,029.63,029.57,029.57,029.37,029.31,029.31,029.29,029.25,029.19,029.19,029.15,029.3,029.3,028.97,028.97,028.91,028.79,028.71,028.63,028.59,028.59,028.47,028.39,028.31,028.25,028.23,028.7,028.1,027.91,027.91,027.75,027.59,027.59,027.53,027.47,027.43,027.41,027.31,027.17,027.11,027.3,026.93,026.87,
<18>
026.73,026.79,026.85,026.93,027.3,027.9,027.23,027.31,027.35,027.47,027.53,027.59,027.63,027.63,027.79,027.81,027.85,027.87,027.95,028.7,028.23,028.27,028.33,028.33,028.45,028.57,028.71,028.79,028.91,028.97,028.99,029.5,029.11,029.17,029.25,029.29,029.35,029.35,029.37,029.45,029.49,029.51,029.63,029.63,029.71,029.71,029.71,029.75,029.75,029.83,029.83,029.83,029.91,029.89,029.91,029.89,029.89,029.79,029.85,029.89,029.85,029.89,029.89,
<19>
029.97,029.97,029.93,029.91,029.91,029.91,029.91,029.93,029.93,029.91,029.89,029.85,029.75,029.71,029.69,029.69,029.65,029.57,029.55,029.57,029.57,029.55,029.51,029.51,029.45,029.39,029.31,029.23,029.17,029.11,028.99,028.99,028.89,028.85,028.83,028.75,028.71,028.59,028.57,028.51,028.37,028.25,028.25,028.23,028.19,028.1,027.95,027.91,027.79,027.69,027.61,027.55,027.53,027.31,027.29,027.25,027.11,026.99,026.91,026.87,026.83,026.77,
<20>
026.67,026.79,026.79,026.83,026.93,026.97,026.99,027.11,027.29,027.41,027.41,027.53,027.59,027.69,027.75,027.87,027.95,028.5,028.11,028.19,028.25,028.33,028.45,028.59,028.69,028.75,028.75,028.89,028.95,029.5,028.99,029.9,029.11,029.19,029.23,029.25,029.23,029.35,029.37,029.39,029.45,029.45,029.55,029.69,029.69,029.75,029.75,029.77,029.79,029.79,029.83,029.83,029.83,029.83,029.85,029.89,029.89,029.85,029.89,029.89,029.97,029.99,
<21>
030.5,030.5,030.3,029.97,029.89,029.85,029.85,029.85,029.85,029.93,029.97,029.99,029.97,029.93,029.79,029.85,029.85,029.79,029.79,029.77,029.77,029.75,029.63,029.57,029.55,029.43,029.43,029.37,029.29,029.19,029.15,029.11,029.9,029.3,028.99,028.83,028.69,028.63,028.57,028.43,028.33,028.27,028.17,028.19,028.17,028.1,027.95,027.87,027.79,027.67,027.55,027.53,027.49,027.43,027.35,027.29,027.17,027.11,027.5,026.97,026.83,026.77,
<22>
026.71,026.71,026.77,026.85,026.97,027.3,027.15,027.23,027.29,027.37,027.53,027.59,027.61,027.69,027.79,027.85,027.95,028.1,028.13,028.19,028.25,028.31,028.53,028.59,028.63,028.71,028.79,028.85,028.97,028.99,029.9,029.15,029.23,029.29,029.39,029.39,029.43,029.63,029.69,029.71,029.65,029.69,029.79,029.85,029.83,029.97,029.99,030.9,030.15,030.11,030.9,030.11,030.11,030.15,030.15,030.19,030.23,030.29,030.23,030.17,030.17,030.17,
<23>
030.17,030.17,030.17,030.19,030.19,030.19,030.19,030.19,030.23,030.17,030.17,030.17,030.17,030.9,030.5,029.97,029.97,029.83,029.91,029.77,029.75,029.69,029.63,029.57,029.59,029.59,029.57,029.43,029.35,029.29,029.17,029.11,029.11,029.3,028.91,028.83,028.69,028.65,028.63,028.59,028.51,028.27,028.19,028.11,028.7,028.11,027.93,027.81,027.69,027.69,027.53,027.49,027.41,027.37,027.35,027.29,027.11,027.3,026.99,026.93,026.79,026.71,
<24>
026.71,026.79,026.87,026.93,027.3,027.11,027.21,027.25,027.29,027.35,027.37,027.43,027.59,027.63,027.69,027.81,027.95,028.5,028.7,028.23,028.31,028.33,028.45,028.51,028.53,028.59,028.57,028.65,028.79,028.95,029.9,029.15,029.17,029.23,029.31,029.37,029.31,029.35,029.49,029.59,029.65,029.85,029.79,029.89,029.91,029.93,029.93,030.9,030.5,030.9,030.15,030.11,030.15,030.17,030.17,030.17,030.23,030.23,030.29,030.25,030.31,030.29,
<25>
030.29,030.33,030.43,030.43,030.33,030.39,030.43,030.45,030.37,030.29,030.17,030.23,030.31,030.29,030.29,030.25,030.15,030.9,029.99,029.91,029.89,029.91,029.89,029.77,029.69,029.69,029.57,029.51,029.37,029.37,029.37,029.37,029.29,029.19,029.9,028.99,028.85,028.77,028.63,028.51,028.43,028.37,028.27,028.11,028.7,028.5,027.93,027.85,027.75,027.69,027.63,027.59,027.49,027.31,027.25,027.21,027.5,026.97,026.97,026.91,026.79,026.79,
<26>
026.77,026.77,026.85,026.93,026.99,027.5,027.21,027.25,027.29,027.37,027.47,027.53,027.49,027.61,027.73,027.75,027.91,028.11,028.7,028.13,028.13,028.25,028.39,028.45,028.57,028.75,028.83,028.91,028.99,029.5,029.5,029.11,029.19,029.29,029.45,029.55,029.63,029.65,029.79,029.83,029.93,029.97,030.5,030.11,030.17,030.17,030.15,030.11,030.17,030.15,030.15,030.25,030.31,030.37,030.37,030.33,030.39,030.43,030.39,030.37,030.39,030.39,030.45,
<27>
030.45,030.37,030.37,030.39,030.45,030.51,030.51,030.51,030.53,030.51,030.47,030.43,030.39,030.37,030.37,030.37,030.33,030.29,030.19,030.17,030.9,029.99,029.91,029.69,029.63,029.57,029.51,029.37,029.37,029.35,029.31,029.35,029.25,029.19,029.5,028.89,028.77,028.59,028.53,028.57,028.53,028.51,028.39,028.23,028.13,027.99,027.93,027.79,027.75,027.69,027.59,027.49,027.43,027.41,027.23,027.9,026.97,026.83,026.73,026.65,026.61,026.59,
<28>
026.61,026.67,026.71,026.79,026.97,026.99,026.99,027.9,026.97,026.99,027.21,027.29,027.37,027.47,027.53,027.69,027.79,027.87,027.95,028.5,028.19,028.37,028.45,028.51,028.57,028.63,028.75,028.89,028.91,028.97,029.9,029.17,029.29,029.45,029.55,029.57,029.63,029.71,029.71,029.83,029.89,029.97,029.97,030.9,030.11,030.11,030.9,030.19,030.23,030.25,030.25,030.29,030.31,030.33,030.33,030.29,030.31,030.29,030.23,030.23,030.31,030.39,
<29>
030.37,030.43,030.45,030.39,030.43,030.45,030.47,030.51,030.47,030.43,030.43,030.45,030.43,030.39,030.33,030.31,030.25,030.25,030.23,030.17,030.9,029.97,029.93,029.89,029.83,029.75,029.63,029.57,029.55,029.39,029.25,029.19,029.3,028.97,028.75,028.63,028.57,028.47,028.45,028.45,028.31,028.25,028.13,028.7,028.1,027.81,027.79,027.69,027.61,027.47,027.41,027.21,027.9,027.3,026.91,026.91,026.91,026.87,026.77,026.61,026.49,026.49,
<30>
026.49,026.53,026.53,026.61,026.65,026.73,026.83,026.85,026.85,026.99,027.5,027.17,027.25,027.59,027.63,027.79,027.95,027.95,027.99,028.1,028.11,028.25,028.37,028.43,028.53,028.59,028.71,028.91,029.5,029.9,029.11,029.23,029.29,029.43,029.51,029.59,029.71,029.79,029.85,029.97,030.5,030.9,030.9,030.19,030.19,030.23,030.19,030.25,030.31,030.37,030.37,030.37,030.37,030.39,030.45,030.45,030.51,030.51,030.53,030.59,030.59,030.53,
<31>
030.57,030.57,030.45,030.47,030.53,030.53,030.53,030.47,030.47,030.45,030.37,030.45,030.45,030.45,030.43,030.33,030.25,030.29,030.31,030.31,030.19,030.19,030.3,030.3,029.97,029.89,029.79,029.75,029.69,029.57,029.39,029.37,029.31,029.19,029.17,029.3,028.95,028.75,028.65,028.65,028.47,028.27,028.23,028.5,027.93,027.81,027.81,027.81,027.63,027.55,027.41,027.31,027.23,027.15,027.5,027.3,026.99,026.85,026.73,026.71,026.61,026.53,
<32>
026.43,026.53,026.61,026.71,026.83,026.87,026.99,027.3,027.5,027.21,027.23,027.31,027.41,027.53,027.63,027.85,027.87,027.99,028.5,028.17,028.25,028.31,028.33,028.45,028.59,028.75,028.75,028.83,028.97,029.9,029.17,029.25,029.31,029.39,029.43,029.49,029.55,029.69,029.79,029.89,029.83,029.91,029.97,029.99,030.3,030.9,030.15,030.19,030.19,030.23,030.25,030.37,030.43,030.51,030.45,030.39,030.37,030.43,030.51,030.51,030.65,030.67,
<33>
030.67,030.67,030.65,030.65,030.65,030.63,030.53,030.47,030.47,030.47,030.47,030.51,030.43,030.37,030.37,030.37,030.31,030.29,030.19,030.5,030.3,029.93,029.89,029.69,029.63,029.63,029.49,029.43,029.37,029.29,029.23,029.25,029.23,029.17,029.11,028.95,028.85,028.71,028.51,028.45,028.37,028.31,028.23,028.19,028.11,028.7,027.99,027.87,027.75,027.67,027.53,027.41,027.31,027.25,027.15,027.9,026.99,026.87,026.79,026.73,026.65,026.53,
<34>
026.41,026.41,026.49,026.61,026.67,026.65,026.77,026.91,027.3,027.17,027.31,027.35,027.37,027.47,027.59,027.75,027.87,028.5,028.13,028.23,028.27,028.43,028.43,028.47,028.53,028.59,028.71,028.89,028.85,028.97,029.5,029.19,029.25,029.37,029.37,029.57,029.71,029.75,029.79,029.89,029.91,029.99,030.3,030.9,030.9,030.3,030.3,030.9,030.17,030.17,030.25,030.31,030.29,030.25,030.31,030.31,030.33,030.33,030.37,030.25,030.23,030.39,
<35>
030.45,030.43,030.43,030.43,030.37,030.39,030.47,030.45,030.45,030.43,030.33,030.25,030.23,030.19,030.19,030.15,030.3,029.97,029.97,030.3,029.99,029.97,029.85,029.75,029.69,029.57,029.45,029.29,029.19,029.15,029.9,029.9,029.3,028.89,028.79,028.69,028.51,028.47,028.37,028.39,028.33,028.31,028.39,028.37,028.13,028.1,028.1,027.95,027.85,027.61,027.35,027.25,027.25,027.17,027.3,026.91,026.83,026.73,026.61,026.43,026.23,026.31,026.35,
<36>
026.35,026.49,026.59,026.61,026.79,026.87,027.3,027.11,027.11,027.15,027.23,027.25,027.41,027.53,027.63,027.63,027.81,027.91,027.99,028.11,028.19,028.27,028.43,028.53,028.63,028.65,028.83,028.89,028.99,029.9,029.17,029.17,029.35,029.49,029.59,029.71,029.91,029.91,029.97,029.93,029.97,030.9,030.23,030.25,030.31,030.29,030.33,030.45,030.47,030.47,030.45,030.51,030.53,030.53,030.53,030.59,030.57,030.57,030.59,030.57,030.59,030.63,
<37>
030.59,030.57,030.45,030.45,030.45,030.37,030.31,030.25,030.29,030.31,030.33,030.25,030.23,030.29,030.33,030.23,030.17,030.11,030.3,029.99,029.93,029.83,029.79,029.71,029.75,029.57,029.45,029.39,029.19,029.9,028.99,028.85,028.77,028.75,028.71,028.71,028.69,028.53,028.43,028.19,028.7,028.1,027.95,028.1,027.99,027.85,027.55,027.59,027.49,027.31,027.21,027.5,027.3,026.93,027.9,027.5,026.93,026.85,026.77,026.77,026.71,026.67,
<38>
026.65,026.67,026.67,026.67,026.65,026.67,026.77,026.87,026.91,027.5,027.5,027.21,027.23,027.47,027.59,027.73,027.81,027.91,028.1,028.11,028.17,028.23,028.31,028.43,028.43,028.53,028.53,028.59,028.71,028.71,028.71,028.79,028.89,028.97,029.11,029.37,029.51,029.63,029.65,029.71,029.69,029.75,029.79,029.79,029.83,029.93,029.99,030.17,030.25,030.31,030.33,030.39,030.45,030.47,030.45,030.45,030.45,030.39,030.45,030.45,030.47,030.47,
<39>
030.47,030.47,030.47,030.47,030.51,030.51,030.39,030.29,030.39,030.29,030.39,030.33,030.31,030.31,030.31,030.17,030.3,029.97,029.97,030.3,030.3,030.5,030.11,029.99,029.97,029.83,029.69,029.65,029.59,029.59,029.55,029.45,029.35,029.19,029.11,028.97,028.97,028.89,028.69,028.57,028.47,028.33,028.23,028.17,028.7,027.93,027.87,027.79,027.61,027.55,027.43,027.43,027.47,027.43,027.43,027.41,027.31,027.17,027.15,027.5,027.3,026.87,
<40>
026.83,026.77,026.79,026.87,026.91,026.97,027.5,027.5,027.17,027.29,027.37,027.53,027.53,027.63,027.73,027.85,027.93,027.87,027.91,027.93,028.5,028.11,028.17,028.31,028.43,028.51,028.65,028.79,028.89,028.99,029.11,029.25,029.45,029.59,029.65,029.71,029.75,029.89,029.93,029.97,030.5,030.15,030.17,030.25,030.31,030.33,030.43,030.37,030.45,030.45,030.51,030.65,030.67,030.65,030.63,030.71,030.73,030.73,030.73,030.77,030.71,030.73,
<41>
030.63,030.51,030.53,030.65,030.73,030.79,030.73,030.77,030.57,030.53,030.53,030.59,030.57,030.59,030.57,030.53,030.47,030.43,030.31,030.31,030.19,030.19,030.17,030.5,029.99,029.89,029.83,029.75,029.69,029.63,029.59,029.55,029.45,029.37,029.29,029.17,029.3,028.95,028.77,028.71,028.63,028.39,028.37,028.27,028.13,028.7,027.95,027.87,027.85,027.85,027.75,027.67,027.59,027.53,027.37,027.41,027.29,027.25,027.21,027.9,027.3,026.87,
<42>
026.87,026.85,026.93,027.11,027.23,027.23,027.23,027.25,027.37,027.41,027.61,027.55,027.61,027.61,027.73,027.81,027.99,028.11,028.31,028.27,028.23,028.43,028.45,028.53,028.75,028.83,028.99,029.17,029.23,029.35,029.43,029.55,029.49,029.55,029.63,029.77,029.89,030.5,030.15,030.19,030.19,030.25,030.39,030.39,030.39,030.45,030.47,030.45,030.51,030.63,030.59,030.59,030.63,030.67,030.79,030.85,030.79,030.79,030.81,030.79,030.79,030.79,
<43>
030.81,030.73,030.77,030.79,030.81,030.79,030.77,030.65,030.59,030.59,030.57,030.59,030.53,030.51,030.45,030.39,030.37,030.39,030.33,030.31,030.25,030.15,030.3,029.93,029.97,029.97,029.99,029.93,029.85,029.71,029.57,029.39,029.37,029.19,029.15,029.15,029.9,029.3,028.95,028.83,028.77,028.59,028.57,028.45,028.33,028.25,028.19,028.7,027.91,027.85,027.73,027.67,027.59,027.47,027.41,027.31,027.17,027.5,026.99,026.93,026.87,026.85,026.83,
<44>
026.73,026.87,026.87,026.87,026.93,027.3,027.11,027.11,027.25,027.35,027.49,027.61,027.67,027.75,027.87,027.85,027.91,028.5,028.19,028.25,028.37,028.47,028.63,028.69,028.69,028.77,028.95,028.97,029.3,028.99,029.11,029.25,029.31,029.45,029.55,029.57,029.71,029.83,029.85,030.3,030.11,030.19,030.29,030.25,030.23,030.19,030.19,030.23,030.33,030.33,030.31,030.39,030.47,030.51,030.59,030.65,030.57,030.59,030.59,030.63,030.59,030.63,
<45>
030.47,030.45,030.53,030.57,030.65,030.65,030.63,030.65,030.51,030.37,030.19,030.19,030.5,030.11,030.23,030.31,030.31,030.31,030.25,030.23,030.15,030.5,029.91,029.75,029.69,029.65,029.57,029.45,029.37,029.29,029.25,029.29,029.23,029.17,028.99,028.83,028.51,028.39,028.37,028.37,028.19,028.17,028.13,028.11,028.1,027.85,027.75,027.61,027.47,027.31,027.35,027.25,027.5,026.99,026.87,026.77,026.73,026.79,026.79,026.67,026.55,026.43,
<46>
026.35,026.41,026.53,026.47,026.61,026.77,026.83,026.91,026.99,027.5,027.23,027.31,027.41,027.43,027.43,027.47,027.61,027.63,027.81,028.1,028.1,028.11,028.25,028.33,028.39,028.51,028.65,028.77,028.83,028.89,029.3,029.17,029.25,029.35,029.49,029.55,029.57,029.63,029.63,029.71,029.79,029.91,029.97,030.3,030.15,030.15,030.17,030.23,030.29,030.33,030.33,030.33,030.47,030.57,030.57,030.47,030.47,030.47,030.33,030.31,030.37,030.25,
<47>
030.15,030.17,030.17,030.33,030.45,030.57,030.53,030.59,030.59,030.53,030.51,030.51,030.45,030.33,030.29,030.29,030.17,030.17,030.5,029.99,029.93,029.85,029.69,029.69,029.63,029.55,029.39,029.25,029.15,028.99,028.99,028.89,028.85,028.69,028.53,028.47,028.43,028.27,028.19,027.99,027.95,027.85,027.79,027.69,027.69,027.69,027.67,027.63,027.53,027.47,027.37,027.25,027.21,027.11,026.99,026.93,026.85,026.77,026.73,026.65,026.55,026.47,
<48>
026.35,026.43,026.41,026.35,026.35,026.31,026.37,026.49,026.65,026.67,026.71,026.83,026.99,027.21,027.25,027.41,027.43,027.49,027.53,027.67,027.69,027.75,027.91,028.11,028.19,028.31,028.39,028.47,028.59,028.65,028.77,028.83,028.89,028.95,029.15,029.19,029.19,029.31,029.35,029.37,029.51,029.51,029.63,029.65,029.71,029.89,029.91,029.85,029.85,029.85,029.89,029.99,030.5,030.17,030.23,030.17,030.9,030.9,030.15,030.17,030.25,030.9,
<49>
030.5,029.97,029.91,029.97,030.5,030.11,030.15,029.99,029.99,030.3,030.3,029.99,030.3,029.99,029.93,029.89,029.83,029.83,029.65,029.63,029.57,029.57,029.59,029.43,029.29,029.17,029.19,029.23,029.15,029.5,028.91,028.91,028.83,028.77,028.59,028.53,028.45,028.39,028.23,028.11,027.95,027.87,027.73,027.67,027.61,027.47,027.43,027.41,027.31,027.21,027.11,027.3,026.93,026.79,026.65,026.47,026.47,026.49,026.47,026.41,026.31,026.23,
<50>
026.9,026.9,026.9,026.27,026.37,026.47,026.47,026.41,026.47,026.55,026.47,026.49,026.61,026.71,026.91,027.9,027.9,027.21,027.21,027.29,027.37,027.41,027.59,027.73,027.85,027.85,027.93,027.91,028.5,028.27,028.45,028.59,028.77,028.77,028.79,028.79,028.83,028.85,028.97,029.5,029.17,029.31,029.55,029.63,029.63,029.63,029.49,029.59,029.59,029.71,029.79,029.77,029.75,029.83,029.79,029.77,029.79,029.79,029.71,029.63,029.63,029.59,
<51>
029.49,029.55,029.63,029.71,029.77,029.83,029.85,029.83,029.83,029.85,029.85,029.91,029.89,029.85,029.83,029.79,029.75,029.65,029.51,029.37,029.31,029.25,029.3,028.91,028.91,028.91,028.89,028.85,028.85,028.75,028.75,028.71,028.57,028.47,028.31,028.27,028.19,028.13,028.7,027.95,027.87,027.75,027.67,027.53,027.47,027.41,027.35,027.25,027.21,027.5,026.91,026.91,026.87,026.79,026.73,026.59,026.49,026.41,026.31,026.21,026.15,026.9,
<52>
025.99,025.91,026.3,026.3,026.9,026.23,026.29,026.41,026.41,026.49,026.65,026.67,026.83,026.91,027.3,027.11,027.17,027.23,027.29,027.35,027.41,027.49,027.69,027.75,027.85,027.87,027.99,028.11,028.11,028.17,028.31,028.43,028.51,028.69,028.75,028.83,028.89,028.89,029.3,029.5,029.15,029.15,029.17,029.23,029.25,029.25,029.43,029.51,029.57,029.59,029.65,029.65,029.59,029.65,029.65,029.63,029.43,029.23,029.23,029.19,029.17,029.15,029.11,
<53>
028.97,029.3,028.99,029.9,029.17,029.17,029.19,029.17,029.25,029.29,029.35,029.29,029.35,029.31,029.25,029.5,029.5,028.99,028.97,028.97,028.91,028.83,028.69,028.65,028.65,028.63,028.51,028.47,028.37,028.33,028.31,028.13,028.1,027.93,027.93,027.87,027.79,027.67,027.49,027.43,027.35,027.25,027.23,027.21,027.17,027.9,026.93,026.93,026.85,026.73,026.67,026.59,026.55,026.43,026.35,026.29,026.11,026.15,026.3,025.93,025.87,025.75,
<54>
025.59,025.69,025.75,025.81,025.97,026.15,026.17,026.21,026.31,026.29,026.21,026.15,026.23,026.29,026.31,026.41,026.53,026.59,026.65,026.79,026.85,026.97,027.11,027.29,027.31,027.41,027.47,027.67,027.75,027.85,027.87,027.87,027.93,028.5,028.13,028.27,028.43,028.51,028.57,028.57,028.65,028.77,028.95,029.5,029.17,029.19,029.23,029.23,029.19,029.25,029.23,029.23,029.19,029.17,029.9,028.99,028.95,028.97,028.95,028.89,028.77,028.77,
<55>
028.69,028.65,028.75,028.71,028.71,028.75,028.59,028.63,028.75,028.79,028.79,028.83,028.85,028.91,028.89,028.79,028.79,028.77,028.75,028.71,028.65,028.63,028.63,028.57,028.51,028.43,028.39,028.39,028.43,028.33,028.23,028.13,028.5,028.7,027.87,027.85,027.75,027.67,027.53,027.37,027.25,027.17,027.9,026.99,026.91,026.79,026.73,026.61,026.43,026.31,026.21,026.11,026.5,025.99,025.91,025.91,025.85,025.67,025.63,025.47,025.35,025.29,
<56>
025.23,025.19,025.25,025.25,025.25,025.41,025.49,025.59,025.61,025.73,025.91,026.3,026.23,026.35,026.37,026.41,026.55,026.65,026.79,026.97,027.5,027.15,027.25,027.31,027.41,027.47,027.49,027.49,027.55,027.73,027.87,028.1,028.11,028.17,028.23,028.39,028.47,028.51,028.51,028.47,028.51,028.53,028.53,028.57,028.69,028.65,028.57,028.53,028.57,028.53,028.57,028.63,028.59,028.57,028.57,028.57,028.53,028.45,028.37,028.39,028.37,028.33,
<57>
028.5,028.5,028.7,028.17,028.23,028.17,028.23,028.37,028.25,028.17,028.17,028.23,028.43,028.39,028.47,028.43,028.39,028.39,028.31,028.27,028.25,028.25,028.19,028.13,028.1,027.99,027.93,027.93,027.93,027.93,027.87,027.75,027.67,027.47,027.37,027.15,027.9,027.9,026.99,026.97,026.79,026.83,026.65,026.59,026.41,026.31,026.29,026.23,026.21,026.21,026.11,026.5,025.99,025.87,025.75,025.73,025.63,025.53,025.37,025.29,025.19,025.13,
<58>
024.99,024.99,025.13,025.29,025.37,025.47,025.53,025.61,025.73,025.79,025.81,025.99,026.11,026.17,026.23,026.31,026.37,026.37,026.29,026.37,026.53,026.59,026.71,026.87,027.5,027.15,027.11,027.25,027.31,027.43,027.55,027.69,027.85,027.91,027.99,028.7,028.11,028.17,028.31,028.31,028.37,028.31,028.39,028.43,028.39,028.45,028.53,028.53,028.47,028.45,028.43,028.37,028.39,028.39,028.31,028.27,028.19,028.11,028.7,027.99,027.99,027.99,
<59>
027.87,027.91,027.93,027.91,027.93,027.87,027.91,027.95,027.99,027.93,027.99,027.95,028.11,028.7,028.11,028.7,027.95,027.93,027.95,028.1,027.99,027.99,028.1,028.7,028.5,027.99,027.81,027.75,027.73,027.61,027.41,027.29,027.25,027.31,027.25,027.17,027.11,027.3,026.91,026.83,026.73,026.65,026.49,026.31,026.9,025.97,025.87,025.81,025.73,025.79,025.69,025.61,025.55,025.53,025.41,025.31,025.19,025.7,025.5,024.99,025.5,024.95,
<60>
024.87,024.75,024.71,024.59,024.75,024.69,024.81,024.87,025.7,025.19,025.25,025.35,025.43,025.49,025.47,025.49,025.63,025.73,025.69,025.75,025.97,025.99,025.99,026.5,026.9,026.21,026.37,026.47,026.43,026.49,026.67,026.87,027.9,027.5,026.97,026.97,027.15,027.15,027.25,027.35,027.37,027.41,027.53,027.61,027.67,027.73,027.75,027.69,027.75,027.73,027.73,027.73,027.73,027.73,027.69,027.67,027.63,027.59,027.61,027.49,027.41,027.37,027.25,
<61>
027.11,027.17,027.15,027.11,027.21,027.25,027.37,027.53,027.59,027.55,027.49,027.43,027.49,027.43,027.43,027.49,027.49,027.47,027.49,027.53,027.55,027.55,027.59,027.55,027.41,027.35,027.29,027.17,026.87,026.65,026.53,026.37,026.29,026.27,026.21,026.17,026.21,026.17,026.11,025.97,025.69,025.67,025.73,025.67,025.61,025.43,025.29,025.29,025.25,025.25,025.23,025.13,025.7,024.87,024.75,024.71,024.63,024.63,024.57,024.47,024.41,024.35,
<62>
024.17,024.15,024.15,024.15,024.21,024.29,024.29,024.35,024.45,024.53,024.83,025.1,025.25,025.31,025.49,025.59,025.59,025.59,025.61,025.67,025.73,025.81,025.97,026.5,026.9,026.21,026.27,026.37,026.49,026.53,026.61,026.67,026.65,026.71,026.77,026.83,026.87,026.93,026.99,027.5,027.11,027.5,027.15,027.21,027.23,027.29,027.37,027.41,027.41,027.25,027.11,027.5,026.93,026.85,026.87,026.87,026.85,026.83,026.73,026.71,026.65,026.61,
<63>
026.43,026.47,026.47,026.49,026.61,026.65,026.67,026.67,026.71,026.73,026.77,026.77,026.71,026.61,026.59,026.59,026.59,026.61,026.59,026.59,026.61,026.65,026.67,026.61,026.61,026.71,026.67,026.71,026.71,026.61,026.55,026.41,026.37,026.35,026.27,026.23,026.15,026.3,025.99,025.97,025.87,025.75,025.63,025.37,025.37,025.23,025.17,025.5,024.93,024.93,024.95,024.81,024.65,024.57,024.57,024.51,024.35,024.21,024.21,024.11,023.81,023.71,
<64>
023.65,023.75,023.87,023.85,023.75,023.85,023.97,024.3,024.3,024.17,024.11,024.23,024.27,024.33,024.35,024.45,024.57,024.71,024.87,025.7,025.11,025.19,025.25,025.35,025.41,025.59,025.69,025.81,025.93,026.3,026.15,026.23,026.21,026.23,026.31,026.35,026.37,026.35,026.37,026.43,026.41,026.43,026.43,026.41,026.43,026.43,026.31,026.35,026.43,026.47,026.55,026.55,026.53,026.49,026.49,026.43,026.43,026.37,026.41,026.37,026.21,026.17,
<65>
026.9,026.5,026.11,026.15,026.11,026.15,026.11,026.21,026.21,026.15,026.17,026.21,026.29,026.41,026.41,026.47,026.41,026.41,026.41,026.41,026.41,026.41,026.31,026.23,026.31,026.23,026.11,026.5,026.9,026.3,025.93,025.87,025.79,025.85,025.85,025.69,025.47,025.29,025.19,025.13,025.7,024.99,024.95,024.75,024.75,024.75,024.59,024.57,024.57,024.47,024.41,024.41,024.39,024.27,024.23,024.27,024.27,024.15,024.15,024.5,023.93,023.91,
<66>
023.71,023.69,023.79,023.81,023.87,023.91,024.9,024.17,024.23,024.33,024.39,024.47,024.59,024.65,024.71,024.77,024.71,024.77,024.69,024.57,024.59,024.65,024.71,024.77,024.99,024.93,024.99,025.5,025.7,025.7,025.23,025.47,025.61,025.61,025.59,025.53,025.49,025.53,025.61,025.73,025.79,025.87,025.91,025.87,025.97,025.97,025.97,025.99,025.79,025.61,025.47,025.49,025.53,025.55,025.55,025.61,025.59,025.49,025.53,025.63,025.59,025.53,
<67>
025.41,025.37,025.41,025.37,025.37,025.47,025.47,025.37,025.37,025.47,025.47,025.49,025.47,025.55,025.61,025.59,025.53,025.47,025.49,025.53,025.53,025.55,025.61,025.67,025.67,025.55,025.49,025.41,025.35,025.37,025.25,025.19,025.17,025.7,025.11,025.1,024.87,024.87,024.81,024.81,024.81,024.77,024.77,024.69,024.59,024.45,024.29,024.21,024.15,024.9,024.5,024.5,024.3,023.97,023.87,023.79,023.75,023.53,023.57,023.51,023.51,023.51,
<68>
023.47,023.53,023.53,023.57,023.75,023.79,023.81,023.79,023.79,023.79,023.97,024.5,024.23,024.35,024.39,024.45,024.47,024.59,024.63,024.69,024.77,024.71,024.75,024.77,024.83,024.87,024.93,025.1,025.13,025.13,025.17,025.23,025.31,025.31,025.35,025.29,025.35,025.35,025.37,025.41,025.47,025.49,025.49,025.43,025.41,025.37,025.35,025.37,025.37,025.35,025.35,025.35,025.31,025.35,025.25,025.7,025.1,025.1,024.99,024.99,025.5,024.99,
<69>
025.13,024.89,024.87,024.89,024.95,024.93,024.89,024.83,024.89,025.1,024.95,025.1,025.5,024.95,024.99,025.7,025.7,024.99,024.99,024.93,024.81,024.83,024.87,024.83,024.87,024.75,024.65,024.65,024.71,024.77,024.75,024.87,024.93,024.89,024.87,024.83,024.81,024.77,024.71,024.65,024.59,024.57,024.47,024.47,024.45,024.39,024.29,024.15,024.11,024.11,024.5,023.85,023.59,023.59,023.53,023.45,023.35,023.29,023.27,023.17,023.17,023.9,023.15,
<70>
022.95,022.93,022.95,022.99,023.3,023.9,023.5,023.15,023.27,023.35,023.35,023.45,023.53,023.57,023.59,023.59,023.63,023.57,023.63,023.69,023.93,023.99,023.97,023.97,023.97,023.99,024.3,024.15,024.23,024.39,024.41,024.29,024.33,024.21,024.23,024.29,024.53,024.57,024.63,024.59,024.57,024.59,024.65,024.63,024.51,024.45,024.53,024.53,024.51,024.53,024.53,024.57,024.57,024.45,024.45,024.33,024.41,024.45,024.45,024.45,024.35,024.41,
<71>
024.23,024.23,024.23,024.27,024.23,024.23,024.23,024.23,024.21,024.21,024.29,024.35,024.33,024.33,024.27,024.23,024.11,024.17,024.17,024.29,024.35,024.29,024.23,024.21,024.29,024.27,024.27,024.21,024.17,024.11,024.5,024.3,023.99,024.3,023.93,023.93,023.97,023.93,023.91,023.85,023.81,023.65,023.57,023.57,023.59,023.59,023.63,023.51,023.47,023.39,023.23,023.21,023.15,023.11,023.15,023.29,023.33,023.17,023.9,022.95,022.89,022.83,
<72>
022.65,022.57,022.57,022.63,022.69,022.83,022.99,023.3,023.9,023.21,023.35,023.33,023.29,023.27,023.39,023.45,023.41,023.47,023.47,023.65,023.57,023.57,023.63,023.71,023.75,023.75,023.69,023.71,023.79,023.87,023.91,024.3,024.3,024.15,024.15,024.21,024.23,024.27,024.47,024.45,024.45,024.47,024.39,024.33,024.35,024.21,024.27,024.21,024.23,024.21,024.11,024.17,024.17,024.15,024.5,024.5,024.15,024.21,024.29,024.33,024.35,024.41,
<73>
024.21,024.21,024.17,024.9,024.9,024.9,024.9,024.9,024.5,024.9,024.11,024.9,024.15,024.5,023.97,024.3,024.9,024.15,024.17,024.15,024.9,024.5,024.5,023.93,023.97,024.3,023.99,023.97,024.5,024.5,023.97,023.97,023.85,023.75,023.75,023.93,023.97,023.97,023.97,023.85,023.69,023.59,023.53,023.47,023.53,023.53,023.35,023.23,023.17,023.9,022.89,022.87,022.83,022.83,022.99,023.9,023.9,022.99,022.95,023.5,023.15,023.9,
<74>
022.95,022.81,022.69,022.65,022.71,022.69,022.69,022.65,022.87,022.99,022.99,023.3,022.99,023.5,023.15,023.27,023.41,023.51,023.57,023.51,023.47,023.35,023.33,023.29,023.41,023.51,023.65,023.81,023.93,023.97,023.87,023.81,023.69,023.65,023.69,023.65,023.75,023.79,023.79,023.81,023.91,023.85,023.93,023.97,023.97,023.97,023.93,023.91,024.3,024.9,024.9,023.97,023.99,023.99,023.97,023.97,024.5,024.9,024.11,024.17,024.11,024.3,
<75>
024.3,024.3,023.87,023.85,023.85,023.85,023.81,023.87,023.87,023.85,023.91,023.91,023.87,023.85,023.79,023.65,023.69,023.71,023.63,023.59,023.57,023.59,023.63,023.65,023.69,023.69,023.69,023.79,023.79,023.79,023.71,023.71,023.71,023.71,023.79,023.79,023.71,023.69,023.63,023.59,023.53,023.51,023.35,023.27,023.33,023.21,023.21,023.17,023.11,023.11,023.11,023.9,023.17,023.21,023.15,023.3,023.3,022.93,022.89,022.89,022.83,022.83,
<76>
022.75,022.75,022.87,022.89,022.93,022.95,022.95,022.95,022.99,022.93,022.93,022.95,022.99,022.99,023.5,023.5,023.15,023.33,023.29,023.35,023.29,023.39,023.47,023.57,023.57,023.65,023.65,023.71,023.75,023.87,023.79,023.71,023.69,023.79,023.75,023.79,023.71,023.81,023.91,024.9,024.5,023.99,023.93,023.91,023.85,023.91,023.79,023.75,023.79,023.79,023.79,023.87,023.87,023.97,023.97,023.97,023.99,023.97,023.99,024.5,023.99,024.3,
<77>
024.3,024.5,024.5,023.99,023.97,023.87,023.75,023.79,023.93,023.93,023.99,023.99,023.99,023.99,023.97,024.3,024.5,024.5,024.5,024.9,024.9,024.9,023.93,023.81,023.75,023.63,023.65,023.65,023.59,023.59,023.59,023.59,023.59,023.57,023.59,023.63,023.59,023.57,023.47,023.45,023.41,023.45,023.41,023.35,023.39,023.39,023.33,023.27,023.23,023.21,023.11,023.9,023.5,023.5,023.3,023.5,023.5,022.99,022.95,022.89,022.89,022.87,022.87,
<78>
022.71,022.75,022.81,022.93,022.89,022.89,022.95,023.5,023.5,023.11,023.17,023.23,023.33,023.29,023.29,023.27,023.33,023.35,023.45,023.47,023.47,023.57,023.51,023.47,023.53,023.47,023.47,023.45,023.41,023.41,023.41,023.41,023.53,023.53,023.53,023.53,023.53,023.63,023.63,023.57,023.63,023.63,023.57,023.59,023.53,023.53,023.57,023.63,023.63,023.65,023.71,023.79,023.79,023.81,023.87,023.97,023.91,023.93,023.99,023.99,023.97,023.87,
<79>
023.71,023.71,023.69,023.71,023.69,023.75,023.75,023.65,023.65,023.75,023.71,023.69,023.69,023.71,023.71,023.63,023.63,023.63,023.65,023.65,023.59,023.57,023.57,023.59,023.59,023.59,023.63,023.63,023.57,023.59,023.57,023.57,023.47,023.41,023.41,023.41,023.41,023.47,023.39,023.41,023.39,023.41,023.45,023.45,023.35,023.33,023.11,023.5,023.5,023.11,023.11,023.9,023.9,023.5,023.11,023.15,023.15,022.99,022.87,022.89,022.87,022.89,
<80>
022.81,022.81,022.83,022.89,022.87,022.99,023.3,023.3,023.3,023.5,023.9,023.5,023.11,023.15,023.21,023.23,023.21,023.27,023.33,023.27,023.11,023.5,023.17,023.23,023.33,023.39,023.39,023.33,023.29,023.27,023.23,023.29,023.29,023.29,023.29,023.29,023.35,023.47,023.51,023.63,023.65,023.63,023.59,023.59,023.51,023.51,023.57,023.63,023.57,023.57,023.59,023.69,023.69,023.65,023.69,023.63,023.63,023.65,023.71,023.87,023.91,023.97,
<81>
023.81,023.71,023.69,023.69,023.65,023.65,023.71,023.75,023.75,023.75,023.71,023.75,023.79,023.71,023.65,023.63,023.63,023.59,023.63,023.57,023.53,023.57,023.53,023.47,023.45,023.45,023.45,023.35,023.35,023.33,023.29,023.23,023.17,023.21,023.23,023.23,023.21,023.9,023.9,023.5,023.9,023.3,022.99,022.95,022.93,022.93,022.93,022.89,022.75,022.69,022.63,022.63,022.63,022.63,022.69,022.81,022.83,022.83,022.87,022.87,022.87,022.81,
<82>
022.81,022.75,022.69,022.71,022.71,022.75,022.75,022.77,022.71,022.75,022.75,022.75,022.71,022.69,022.71,022.65,022.69,022.71,022.77,022.81,022.83,022.81,022.69,022.65,022.65,022.63,022.65,022.65,022.65,022.65,022.63,022.53,022.59,022.65,022.65,022.65,022.77,022.81,022.87,022.83,022.93,022.99,023.5,022.99,022.99,023.3,022.99,022.95,022.95,022.95,022.99,023.5,023.11,023.15,023.9,023.5,023.3,023.9,023.21,023.27,023.21,023.27,
