<image size: 82 x 62>
<1>
023.27,023.35,023.35,023.29,023.21,023.21,023.15,023.15,023.9,023.15,023.23,023.21,023.15,023.11,023.15,023.15,023.17,023.21,023.23,023.33,023.29,023.29,023.35,023.35,023.33,023.33,023.33,023.33,023.35,023.35,023.45,023.45,023.41,023.41,023.41,023.41,023.39,023.45,023.51,023.51,023.51,023.53,023.53,023.47,023.51,023.51,023.53,023.51,023.51,023.53,023.57,023.51,023.57,023.63,023.59,023.69,023.65,023.65,023.71,023.59,023.57,023.65,
<2>
023.65,023.63,023.57,023.59,023.63,023.53,023.57,023.57,023.57,023.57,023.59,023.57,023.57,023.53,023.51,023.47,023.53,023.53,023.53,023.57,023.51,023.47,023.47,023.47,023.51,023.47,023.47,023.51,023.45,023.47,023.45,023.45,023.51,023.47,023.41,023.35,023.35,023.35,023.27,023.29,023.27,023.27,023.27,023.27,023.27,023.21,023.21,023.17,023.21,023.27,023.21,023.17,023.15,023.21,023.21,023.21,023.17,023.17,023.15,023.11,023.11,023.11,
<3>
023.9,023.11,023.9,023.5,023.9,023.11,023.9,023.11,023.15,023.17,023.15,023.17,023.21,023.21,023.29,023.29,023.35,023.33,023.27,023.27,023.29,023.29,023.33,023.39,023.41,023.39,023.51,023.51,023.57,023.51,023.45,023.45,023.47,023.45,023.51,023.53,023.51,023.59,023.59,023.57,023.57,023.65,023.63,023.63,023.59,023.63,023.65,023.65,023.65,023.63,023.65,023.63,023.59,023.57,023.59,023.57,023.59,023.63,023.71,023.75,023.71,023.79,
<4>
023.75,023.69,023.71,023.69,023.69,023.75,023.63,023.63,023.65,023.63,023.63,023.63,023.63,023.63,023.65,023.65,023.69,023.59,023.59,023.59,023.57,023.57,023.59,023.53,023.47,023.47,023.39,023.41,023.51,023.53,023.57,023.51,023.51,023.47,023.35,023.33,023.39,023.39,023.45,023.33,023.33,023.33,023.35,023.41,023.41,023.41,023.35,023.33,023.35,023.35,023.33,023.27,023.17,023.23,023.21,023.23,023.23,023.27,023.33,023.33,023.29,023.27,
<5>
023.29,023.35,023.33,023.33,023.29,023.39,023.35,023.33,023.35,023.39,023.35,023.39,023.35,023.33,023.33,023.33,023.35,023.35,023.45,023.45,023.47,023.45,023.47,023.45,023.51,023.53,023.47,023.47,023.51,023.53,023.57,023.57,023.63,023.63,023.65,023.65,023.63,023.69,023.69,023.65,023.65,023.63,023.63,023.71,023.71,023.65,023.63,023.65,023.65,023.63,023.69,023.71,023.75,023.69,023.69,023.75,023.69,023.75,023.79,023.75,023.79,023.75,
<6>
023.81,023.81,023.85,023.81,023.81,023.81,023.79,023.81,023.81,023.85,023.81,023.81,023.79,023.79,023.81,023.79,023.79,023.71,023.79,023.71,023.75,023.71,023.71,023.75,023.71,023.71,023.65,023.63,023.65,023.69,023.65,023.59,023.53,023.53,023.51,023.53,023.53,023.45,023.51,023.45,023.47,023.39,023.41,023.41,023.41,023.41,023.39,023.41,023.41,023.33,023.27,023.29,023.35,023.33,023.35,023.29,023.29,023.23,023.21,023.17,023.17,023.17,
<7>
023.17,023.23,023.17,023.27,023.29,023.27,023.27,023.29,023.29,023.23,023.33,023.33,023.33,023.33,023.39,023.39,023.45,023.41,023.45,023.45,023.41,023.41,023.45,023.45,023.51,023.57,023.59,023.63,023.63,023.63,023.65,023.63,023.63,023.59,023.57,023.57,023.53,023.51,023.63,023.63,023.75,023.79,023.79,023.71,023.71,023.75,023.75,023.71,023.75,023.81,023.79,023.79,023.79,023.75,023.79,023.75,023.79,023.85,023.75,023.75,023.75,023.81,
<8>
023.91,023.91,023.85,023.81,023.69,023.71,023.69,023.71,023.81,023.85,023.85,023.81,023.81,023.87,023.87,023.87,023.87,023.81,023.79,023.79,023.85,023.79,023.81,023.81,023.81,023.79,023.75,023.75,023.71,023.71,023.71,023.71,023.75,023.69,023.65,023.65,023.59,023.59,023.59,023.59,023.59,023.63,023.57,023.53,023.53,023.57,023.53,023.57,023.63,023.57,023.53,023.53,023.53,023.47,023.45,023.45,023.41,023.35,023.39,023.39,023.35,023.33,
<9>
023.29,023.33,023.33,023.41,023.45,023.47,023.51,023.51,023.51,023.53,023.53,023.53,023.51,023.53,023.51,023.53,023.51,023.53,023.53,023.57,023.51,023.51,023.57,023.53,023.63,023.63,023.59,023.63,023.65,023.69,023.75,023.71,023.71,023.75,023.79,023.85,023.79,023.71,023.71,023.71,023.79,023.71,023.71,023.79,023.81,023.87,023.87,023.87,023.87,023.87,023.87,023.91,023.93,023.91,023.91,023.87,023.91,023.93,023.91,023.93,023.93,023.91,023.93,
<10>
023.99,024.3,023.99,023.97,023.93,023.93,023.91,023.85,023.87,023.85,023.85,023.81,023.81,023.75,023.79,023.79,023.75,023.81,023.81,023.79,023.79,023.85,023.81,023.81,023.81,023.81,023.81,023.81,023.81,023.79,023.75,023.75,023.65,023.63,023.69,023.69,023.63,023.63,023.65,023.69,023.59,023.69,023.57,023.59,023.59,023.57,023.53,023.53,023.51,023.51,023.47,023.51,023.45,023.47,023.45,023.51,023.51,023.47,023.53,023.51,023.53,023.53,
<11>
023.65,023.59,023.63,023.59,023.59,023.53,023.51,023.47,023.47,023.53,023.51,023.57,023.59,023.63,023.63,023.69,023.69,023.69,023.65,023.69,023.65,023.75,023.71,023.69,023.71,023.69,023.65,023.65,023.69,023.71,023.79,023.79,023.81,023.81,023.79,023.85,023.85,023.81,023.81,023.85,023.85,023.85,023.85,023.81,023.87,023.87,023.85,023.87,023.85,023.81,023.87,023.87,023.85,023.91,023.91,023.85,023.85,023.91,023.93,023.97,023.87,023.91,
<12>
023.99,023.97,023.97,023.97,023.97,023.97,023.99,023.97,023.97,023.93,023.93,023.93,023.97,023.87,023.87,023.87,023.85,023.69,023.71,023.79,023.81,023.85,023.79,023.79,023.79,023.79,023.85,023.85,023.85,023.87,023.75,023.69,023.63,023.53,023.59,023.57,023.57,023.53,023.47,023.51,023.53,023.51,023.51,023.59,023.51,023.53,023.51,023.47,023.51,023.47,023.47,023.47,023.45,023.41,023.47,023.47,023.47,023.51,023.57,023.51,023.47,023.47,
<13>
023.47,023.53,023.63,023.63,023.69,023.65,023.59,023.57,023.53,023.53,023.53,023.47,023.57,023.65,023.65,023.71,023.75,023.71,023.65,023.65,023.59,023.69,023.69,023.75,023.75,023.75,023.75,023.75,023.75,023.79,023.79,023.71,023.69,023.65,023.65,023.71,023.79,023.81,023.79,023.81,023.81,023.91,023.91,023.93,023.93,023.87,023.79,023.79,023.81,023.81,023.81,023.85,023.87,023.87,023.85,023.91,023.93,024.3,024.3,024.3,024.3,024.5,
<14>
024.9,024.5,024.5,024.5,024.15,024.5,024.3,023.99,024.3,024.3,024.3,024.3,023.97,023.93,023.85,023.81,023.81,023.81,023.81,023.75,023.75,023.79,023.79,023.79,023.81,023.85,023.91,023.93,023.93,023.91,023.81,023.85,023.93,023.93,023.81,023.79,023.79,023.69,023.75,023.75,023.75,023.75,023.71,023.75,023.79,023.79,023.81,023.79,023.75,023.75,023.69,023.69,023.75,023.79,023.75,023.81,023.81,023.75,023.85,023.71,023.69,023.65,
<15>
023.69,023.69,023.65,023.69,023.75,023.75,023.75,023.75,023.81,023.87,023.87,023.87,023.91,023.87,023.85,023.85,023.91,023.91,023.91,023.97,023.99,023.93,023.99,023.99,023.99,023.97,024.3,023.97,023.97,023.99,023.97,023.99,023.99,024.3,024.5,024.9,024.9,024.9,024.15,024.9,024.11,024.11,024.21,024.9,024.11,024.11,024.15,024.17,024.23,024.23,024.29,024.27,024.23,024.27,024.29,024.33,024.39,024.35,024.39,024.29,024.35,024.39,
<16>
024.41,024.45,024.45,024.39,024.41,024.39,024.41,024.39,024.39,024.41,024.39,024.41,024.35,024.41,024.41,024.33,024.33,024.39,024.35,024.35,024.35,024.35,024.33,024.27,024.21,024.21,024.23,024.23,024.21,024.21,024.23,024.27,024.23,024.21,024.21,024.21,024.21,024.15,024.15,024.15,024.11,024.15,024.11,024.9,024.9,024.5,024.11,024.17,024.17,024.15,024.11,024.9,024.9,024.9,024.11,024.15,024.9,024.3,024.9,024.9,024.11,024.15,
<17>
024.15,024.17,024.15,024.17,024.17,024.23,024.27,024.23,024.21,024.15,024.21,024.17,024.21,024.21,024.21,024.17,024.15,024.17,024.23,024.17,024.23,024.23,024.27,024.23,024.27,024.23,024.21,024.23,024.23,024.29,024.33,024.33,024.35,024.41,024.45,024.47,024.47,024.53,024.53,024.57,024.57,024.59,024.53,024.57,024.59,024.59,024.65,024.65,024.71,024.71,024.75,024.77,024.77,024.69,024.69,024.71,024.69,024.69,024.71,024.65,024.65,024.65,
<18>
024.65,024.65,024.65,024.65,024.65,024.65,024.65,024.65,024.65,024.63,024.65,024.63,024.65,024.65,024.65,024.65,024.65,024.69,024.71,024.69,024.65,024.69,024.65,024.69,024.65,024.59,024.57,024.53,024.57,024.51,024.47,024.41,024.41,024.45,024.41,024.35,024.41,024.39,024.39,024.39,024.39,024.39,024.33,024.35,024.35,024.33,024.33,024.29,024.27,024.23,024.23,024.27,024.27,024.23,024.23,024.27,024.23,024.27,024.27,024.29,024.33,024.35,024.41,
<19>
024.53,024.57,024.57,024.47,024.47,024.45,024.41,024.45,024.47,024.45,024.45,024.45,024.45,024.45,024.45,024.45,024.45,024.45,024.47,024.47,024.53,024.51,024.53,024.57,024.53,024.53,024.63,024.59,024.63,024.63,024.63,024.65,024.63,024.69,024.65,024.77,024.75,024.81,024.77,024.83,024.77,024.75,024.83,024.87,024.93,024.93,024.93,024.93,024.95,025.1,025.1,025.1,025.1,025.7,025.7,025.11,025.11,025.7,025.11,025.13,025.17,025.17,
<20>
025.17,025.19,025.13,025.13,025.17,025.11,025.7,025.7,025.7,025.5,025.7,025.1,025.1,025.1,024.95,024.93,024.95,024.93,024.87,024.87,024.83,024.87,024.83,024.81,024.81,024.81,024.81,024.77,024.77,024.77,024.81,024.77,024.75,024.71,024.63,024.57,024.59,024.53,024.53,024.53,024.45,024.45,024.45,024.39,024.35,024.45,024.41,024.35,024.45,024.45,024.45,024.45,024.45,024.47,024.47,024.47,024.41,024.41,024.45,024.45,024.39,024.41,
<21>
024.47,024.45,024.45,024.47,024.45,024.47,024.51,024.53,024.51,024.53,024.47,024.51,024.51,024.47,024.47,024.53,024.47,024.45,024.45,024.41,024.45,024.45,024.41,024.35,024.39,024.41,024.51,024.57,024.57,024.57,024.63,024.65,024.63,024.71,024.71,024.71,024.69,024.75,024.83,024.81,024.83,024.83,024.83,024.83,024.87,024.89,024.81,024.83,024.87,024.87,024.87,024.89,024.87,024.87,024.87,024.87,024.89,024.95,024.95,024.95,024.93,024.93,
<22>
024.95,024.93,024.89,024.89,024.81,024.71,024.59,024.57,024.51,024.51,024.47,024.51,024.53,024.53,024.53,024.59,024.57,024.51,024.41,024.41,024.41,024.45,024.41,024.41,024.45,024.41,024.41,024.35,024.33,024.33,024.33,024.29,024.27,024.33,024.35,024.41,024.39,024.45,024.51,024.45,024.45,024.45,024.47,024.45,024.47,024.47,024.45,024.47,024.47,024.45,024.39,024.47,024.51,024.47,024.51,024.53,024.47,024.51,024.47,024.47,024.51,024.53,
<23>
024.57,024.53,024.53,024.57,024.57,024.53,024.53,024.53,024.53,024.53,024.53,024.51,024.47,024.47,024.45,024.45,024.47,024.47,024.47,024.47,024.51,024.51,024.51,024.47,024.45,024.41,024.41,024.35,024.33,024.35,024.29,024.33,024.33,024.35,024.35,024.41,024.35,024.45,024.45,024.51,024.51,024.47,024.47,024.47,024.53,024.57,024.51,024.59,024.59,024.65,024.69,024.71,024.71,024.75,024.69,024.75,024.81,024.81,024.77,024.81,024.89,024.89,
<24>
024.89,024.89,024.89,024.89,024.93,024.93,024.89,024.83,024.71,024.71,024.75,024.87,024.83,024.71,024.71,024.69,024.65,024.65,024.63,024.63,024.59,024.57,024.53,024.53,024.51,024.51,024.47,024.47,024.51,024.51,024.47,024.45,024.45,024.47,024.47,024.51,024.51,024.51,024.51,024.47,024.47,024.47,024.47,024.45,024.47,024.47,024.51,024.51,024.51,024.51,024.41,024.41,024.35,024.35,024.45,024.45,024.47,024.51,024.51,024.53,024.57,024.53,
<25>
024.53,024.53,024.53,024.47,024.51,024.53,024.53,024.53,024.51,024.53,024.51,024.51,024.53,024.47,024.47,024.47,024.41,024.45,024.35,024.35,024.33,024.29,024.29,024.33,024.33,024.39,024.39,024.35,024.27,024.27,024.21,024.17,024.15,024.17,024.15,024.23,024.23,024.33,024.35,024.35,024.39,024.39,024.41,024.45,024.45,024.45,024.47,024.51,024.51,024.53,024.57,024.65,024.71,024.65,024.71,024.71,024.77,024.75,024.77,024.75,024.77,024.83,
<26>
024.77,024.83,024.87,024.87,024.81,024.81,024.77,024.77,024.77,024.75,024.71,024.75,024.71,024.71,024.71,024.69,024.71,024.65,024.63,024.69,024.63,024.59,024.59,024.57,024.53,024.57,024.53,024.53,024.53,024.51,024.47,024.47,024.47,024.51,024.47,024.45,024.41,024.41,024.41,024.45,024.45,024.45,024.41,024.45,024.45,024.45,024.45,024.45,024.45,024.41,024.41,024.39,024.33,024.33,024.41,024.41,024.41,024.41,024.45,024.45,024.51,024.51,024.47,
<27>
024.53,024.51,024.53,024.41,024.39,024.41,024.41,024.41,024.39,024.35,024.39,024.39,024.33,024.29,024.29,024.29,024.33,024.33,024.33,024.35,024.33,024.35,024.39,024.35,024.35,024.35,024.35,024.35,024.35,024.35,024.35,024.35,024.35,024.35,024.45,024.47,024.51,024.53,024.53,024.51,024.53,024.53,024.53,024.57,024.59,024.65,024.75,024.71,024.63,024.59,024.63,024.63,024.69,024.65,024.71,024.75,024.77,024.77,024.83,024.83,024.87,024.87,
<28>
024.83,024.89,024.87,024.77,024.81,024.77,024.77,024.77,024.75,024.75,024.81,024.83,024.89,025.5,025.1,025.1,025.1,024.89,024.87,024.87,024.87,024.81,024.77,024.83,024.87,024.93,024.81,024.81,024.77,024.83,024.77,024.75,024.59,024.53,024.59,024.71,024.57,024.51,024.51,024.51,024.53,024.57,024.57,024.51,024.53,024.53,024.53,024.53,024.57,024.53,024.53,024.63,024.57,024.57,024.57,024.59,024.59,024.65,024.71,024.69,024.69,024.69,
<29>
024.71,024.71,024.65,024.65,024.71,024.69,024.69,024.65,024.57,024.59,024.59,024.57,024.53,024.57,024.51,024.47,024.41,024.41,024.41,024.39,024.39,024.45,024.45,024.41,024.45,024.39,024.39,024.39,024.41,024.41,024.39,024.41,024.41,024.41,024.47,024.47,024.51,024.53,024.51,024.47,024.47,024.45,024.41,024.41,024.41,024.47,024.47,024.53,024.53,024.57,024.59,024.59,024.65,024.69,024.69,024.69,024.75,024.75,024.75,024.75,024.77,024.83,
<30>
024.77,024.77,024.71,024.69,024.69,024.65,024.57,024.65,024.59,024.69,024.69,024.65,024.57,024.53,024.53,024.53,024.53,024.51,024.53,024.47,024.47,024.57,024.57,024.47,024.47,024.51,024.47,024.47,024.45,024.45,024.45,024.41,024.41,024.41,024.35,024.41,024.35,024.39,024.39,024.39,024.41,024.41,024.41,024.39,024.41,024.47,024.45,024.45,024.47,024.47,024.47,024.51,024.57,024.51,024.51,024.51,024.57,024.63,024.69,024.71,024.71,024.71,
<31>
024.75,024.71,024.71,024.71,024.69,024.69,024.69,024.69,024.63,024.57,024.47,024.51,024.47,024.47,024.47,024.41,024.41,024.39,024.35,024.29,024.33,024.33,024.35,024.41,024.39,024.35,024.33,024.33,024.29,024.33,024.33,024.33,024.39,024.39,024.33,024.29,024.29,024.29,024.29,024.33,024.41,024.45,024.41,024.45,024.45,024.47,024.51,024.63,024.57,024.57,024.59,024.57,024.63,024.69,024.65,024.63,024.63,024.65,024.65,024.65,024.75,024.75,
<32>
024.71,024.77,024.77,024.69,024.69,024.71,024.65,024.63,024.59,024.57,024.59,024.59,024.63,024.57,024.57,024.57,024.57,024.47,024.51,024.45,024.45,024.41,024.45,024.45,024.41,024.39,024.39,024.35,024.35,024.33,024.35,024.33,024.45,024.41,024.47,024.41,024.45,024.47,024.51,024.47,024.53,024.47,024.53,024.47,024.51,024.47,024.51,024.51,024.51,024.63,024.57,024.65,024.65,024.59,024.69,024.65,024.65,024.71,024.75,024.75,024.77,024.75,
<33>
024.81,024.83,024.83,024.81,024.69,024.69,024.71,024.69,024.71,024.69,024.69,024.65,024.63,024.65,024.65,024.63,024.57,024.51,024.51,024.47,024.53,024.51,024.47,024.45,024.47,024.45,024.41,024.45,024.47,024.45,024.51,024.47,024.47,024.45,024.47,024.41,024.41,024.41,024.45,024.47,024.47,024.47,024.45,024.51,024.47,024.51,024.47,024.47,024.59,024.57,024.59,024.59,024.57,024.59,024.65,024.65,024.63,024.63,024.71,024.75,024.87,024.81,
<34>
024.75,024.77,024.77,024.75,024.65,024.69,024.65,024.69,024.71,024.65,024.69,024.65,024.65,024.63,024.65,024.59,024.65,024.63,024.59,024.63,024.57,024.53,024.51,024.57,024.57,024.51,024.45,024.47,024.57,024.59,024.57,024.57,024.53,024.53,024.53,024.53,024.57,024.57,024.59,024.53,024.59,024.57,024.65,024.65,024.65,024.65,024.65,024.57,024.59,024.59,024.59,024.63,024.65,024.63,024.65,024.71,024.71,024.69,024.69,024.71,024.77,024.77,
<35>
024.87,024.89,024.87,024.87,024.87,024.87,024.83,024.87,024.83,024.81,024.75,024.77,024.69,024.69,024.69,024.69,024.63,024.63,024.59,024.59,024.63,024.53,024.53,024.53,024.53,024.51,024.47,024.51,024.41,024.47,024.45,024.41,024.33,024.47,024.45,024.45,024.47,024.41,024.41,024.41,024.41,024.45,024.45,024.41,024.45,024.45,024.47,024.47,024.45,024.51,024.51,024.47,024.47,024.47,024.51,024.53,024.53,024.53,024.57,024.59,024.59,024.63,024.65,
<36>
024.63,024.57,024.57,024.59,024.63,024.57,024.57,024.53,024.51,024.53,024.51,024.51,024.51,024.51,024.47,024.45,024.47,024.41,024.45,024.41,024.45,024.45,024.47,024.45,024.41,024.45,024.41,024.45,024.41,024.41,024.41,024.45,024.47,024.45,024.47,024.47,024.47,024.47,024.51,024.53,024.51,024.53,024.59,024.53,024.57,024.59,024.57,024.65,024.65,024.63,024.71,024.77,024.81,024.75,024.77,024.83,024.89,024.89,024.93,024.95,024.99,024.95,
<37>
025.1,025.5,025.1,024.99,024.95,024.99,024.93,024.87,024.87,024.77,024.75,024.69,024.69,024.65,024.65,024.59,024.59,024.53,024.51,024.53,024.51,024.51,024.51,024.51,024.51,024.47,024.47,024.45,024.47,024.51,024.41,024.45,024.47,024.45,024.47,024.47,024.45,024.45,024.41,024.45,024.45,024.39,024.39,024.39,024.39,024.41,024.41,024.47,024.47,024.45,024.47,024.47,024.47,024.45,024.45,024.45,024.47,024.47,024.51,024.57,024.53,024.63,
<38>
024.59,024.63,024.59,024.59,024.59,024.57,024.53,024.53,024.51,024.51,024.51,024.51,024.51,024.51,024.45,024.45,024.41,024.41,024.41,024.39,024.41,024.41,024.41,024.39,024.45,024.41,024.45,024.47,024.45,024.45,024.47,024.47,024.41,024.45,024.45,024.47,024.53,024.53,024.51,024.51,024.51,024.59,024.57,024.63,024.59,024.63,024.65,024.71,024.71,024.71,024.71,024.75,024.77,024.75,024.81,024.81,024.87,024.87,024.83,024.93,024.93,024.95,
<39>
024.99,024.95,024.95,024.93,024.89,024.89,024.87,024.87,024.81,024.77,024.75,024.81,024.81,024.83,024.75,024.77,024.75,024.75,024.75,024.71,024.71,024.63,024.59,024.57,024.53,024.53,024.53,024.51,024.51,024.41,024.41,024.41,024.41,024.45,024.45,024.45,024.45,024.45,024.45,024.45,024.45,024.41,024.39,024.39,024.41,024.41,024.41,024.41,024.41,024.41,024.41,024.41,024.41,024.41,024.51,024.51,024.51,024.47,024.47,024.53,024.51,024.53,
<40>
024.57,024.57,024.53,024.53,024.47,024.47,024.51,024.47,024.47,024.47,024.47,024.45,024.39,024.33,024.35,024.35,024.39,024.39,024.39,024.33,024.33,024.23,024.27,024.35,024.39,024.39,024.39,024.39,024.33,024.39,024.41,024.39,024.41,024.45,024.47,024.45,024.47,024.47,024.51,024.51,024.57,024.57,024.57,024.57,024.57,024.63,024.63,024.69,024.71,024.75,024.81,024.77,024.81,024.83,024.81,024.89,024.89,024.99,025.5,025.11,025.13,025.17,
<41>
025.23,025.23,025.19,025.23,025.13,025.11,025.13,025.5,025.1,024.89,024.93,024.89,024.89,024.87,024.83,024.77,024.77,024.75,024.77,024.75,024.69,024.71,024.69,024.63,024.57,024.57,024.51,024.47,024.41,024.45,024.41,024.35,024.35,024.39,024.41,024.39,024.35,024.39,024.35,024.39,024.39,024.39,024.39,024.39,024.35,024.39,024.35,024.35,024.33,024.39,024.39,024.35,024.39,024.45,024.41,024.45,024.51,024.45,024.47,024.51,024.53,024.59,
<42>
024.59,024.53,024.51,024.51,024.51,024.47,024.45,024.47,024.45,024.45,024.41,024.41,024.35,024.41,024.39,024.41,024.35,024.35,024.35,024.39,024.39,024.35,024.35,024.35,024.35,024.39,024.35,024.33,024.33,024.35,024.33,024.41,024.41,024.47,024.51,024.53,024.59,024.59,024.63,024.63,024.69,024.69,024.65,024.63,024.71,024.71,024.71,024.77,024.81,024.81,024.77,024.87,024.89,024.93,024.99,025.1,025.7,025.5,025.11,025.17,025.19,025.19,
<43>
025.19,025.25,025.29,025.19,025.17,025.13,025.17,025.11,025.7,024.99,024.93,024.87,024.81,024.71,024.75,024.75,024.71,024.71,024.71,024.69,024.69,024.63,024.63,024.57,024.53,024.51,024.41,024.39,024.39,024.35,024.29,024.29,024.23,024.27,024.27,024.27,024.29,024.33,024.29,024.29,024.27,024.27,024.29,024.29,024.27,024.27,024.33,024.29,024.29,024.29,024.33,024.35,024.35,024.33,024.29,024.39,024.39,024.41,024.45,024.39,024.41,024.47,024.53,
<44>
024.51,024.51,024.41,024.39,024.41,024.35,024.35,024.35,024.35,024.39,024.33,024.35,024.39,024.29,024.29,024.29,024.29,024.29,024.29,024.33,024.23,024.27,024.27,024.29,024.29,024.33,024.29,024.33,024.33,024.33,024.33,024.33,024.39,024.39,024.41,024.45,024.45,024.51,024.57,024.59,024.59,024.63,024.65,024.65,024.69,024.69,024.71,024.77,024.77,024.93,024.89,024.93,024.99,025.5,025.5,025.7,025.11,025.13,025.17,025.23,025.29,025.31,
<45>
025.35,025.37,025.37,025.35,025.29,025.29,025.17,025.13,025.13,025.7,025.5,025.1,024.95,024.89,024.89,024.83,024.77,024.75,024.69,024.65,024.57,024.59,024.57,024.53,024.53,024.41,024.39,024.39,024.35,024.35,024.33,024.27,024.23,024.21,024.17,024.21,024.21,024.29,024.23,024.23,024.23,024.23,024.21,024.17,024.17,024.17,024.17,024.21,024.21,024.23,024.23,024.27,024.17,024.21,024.23,024.27,024.27,024.29,024.29,024.35,024.33,024.35,
<46>
024.39,024.33,024.35,024.33,024.29,024.27,024.27,024.29,024.21,024.23,024.21,024.17,024.17,024.23,024.21,024.21,024.21,024.17,024.21,024.21,024.15,024.15,024.17,024.17,024.17,024.17,024.23,024.27,024.27,024.27,024.35,024.35,024.47,024.47,024.47,024.53,024.51,024.53,024.63,024.59,024.63,024.59,024.65,024.69,024.69,024.71,024.71,024.83,024.87,024.93,024.99,024.99,024.99,025.1,025.11,025.17,025.19,025.23,025.29,025.35,025.41,025.41,
<47>
025.55,025.49,025.49,025.47,025.41,025.35,025.25,025.19,025.11,025.7,025.5,025.1,024.99,024.93,024.95,024.87,024.81,024.71,024.71,024.65,024.59,024.59,024.57,024.57,024.57,024.53,024.51,024.51,024.41,024.41,024.33,024.33,024.29,024.29,024.23,024.23,024.21,024.21,024.27,024.23,024.17,024.17,024.23,024.17,024.21,024.23,024.17,024.17,024.23,024.23,024.17,024.21,024.21,024.23,024.21,024.21,024.27,024.27,024.29,024.29,024.33,024.33,
<48>
024.35,024.29,024.27,024.29,024.27,024.29,024.23,024.23,024.23,024.17,024.21,024.23,024.27,024.23,024.23,024.17,024.17,024.17,024.17,024.17,024.17,024.21,024.17,024.21,024.21,024.21,024.23,024.27,024.29,024.33,024.29,024.33,024.35,024.41,024.45,024.45,024.47,024.53,024.57,024.59,024.59,024.63,024.63,024.63,024.71,024.71,024.75,024.83,024.83,024.89,024.95,025.1,025.1,025.13,025.13,025.13,025.29,025.35,025.37,025.41,025.47,025.47,
<49>
025.61,025.59,025.59,025.49,025.47,025.41,025.31,025.31,025.29,025.25,025.11,025.11,025.5,025.5,025.5,024.95,024.89,024.83,024.75,024.69,024.63,024.59,024.53,024.53,024.51,024.47,024.47,024.35,024.41,024.29,024.27,024.29,024.29,024.27,024.21,024.21,024.21,024.23,024.21,024.23,024.23,024.17,024.21,024.17,024.17,024.15,024.17,024.17,024.11,024.11,024.15,024.9,024.11,024.11,024.15,024.11,024.15,024.17,024.17,024.21,024.23,024.23,
<50>
024.21,024.23,024.21,024.23,024.17,024.15,024.9,024.9,024.11,024.15,024.15,024.17,024.15,024.11,024.15,024.17,024.15,024.17,024.9,024.11,024.17,024.9,024.9,024.9,024.9,024.15,024.21,024.29,024.35,024.39,024.39,024.41,024.41,024.45,024.45,024.47,024.47,024.47,024.53,024.57,024.59,024.65,024.69,024.75,024.77,024.87,024.83,024.87,024.89,024.99,025.1,025.11,025.7,025.13,025.19,025.19,025.29,025.31,025.37,025.43,025.55,025.61,
<51>
025.75,025.75,025.69,025.69,025.67,025.63,025.55,025.43,025.41,025.43,025.29,025.25,025.23,025.25,025.29,025.37,025.31,025.11,025.7,025.5,024.95,024.89,024.87,024.81,024.77,024.75,024.69,024.69,024.63,024.65,024.63,024.63,024.63,024.57,024.47,024.51,024.47,024.47,024.45,024.47,024.47,024.45,024.45,024.45,024.41,024.39,024.41,024.47,024.47,024.39,024.47,024.51,024.53,024.53,024.53,024.53,024.57,024.63,024.57,024.51,024.57,024.59,
<52>
024.63,024.59,024.57,024.53,024.57,024.51,024.53,024.51,024.51,024.57,024.57,024.57,024.59,024.65,024.63,024.59,024.57,024.57,024.59,024.57,024.51,024.59,024.59,024.65,024.65,024.63,024.69,024.71,024.71,024.65,024.75,024.77,024.77,024.89,024.81,024.93,024.95,024.99,024.99,025.5,025.7,025.11,025.17,025.19,025.19,025.19,025.31,025.35,025.37,025.43,025.49,025.47,025.59,025.69,025.75,025.75,025.85,025.91,025.99,026.9,026.9,026.17,026.23,
<53>
026.29,026.27,026.17,026.11,026.3,025.99,025.97,025.85,025.81,025.75,025.63,025.59,025.55,025.53,025.53,025.47,025.47,025.43,025.37,025.31,025.25,025.17,025.17,025.17,025.7,025.7,025.7,025.1,025.5,025.1,024.99,024.93,024.95,024.99,024.93,024.87,024.87,024.87,024.87,024.83,024.83,024.77,024.81,024.87,024.87,024.87,024.89,024.89,024.87,024.87,024.87,024.89,024.89,024.87,024.89,024.87,024.89,024.93,024.93,024.95,024.99,024.99,
<54>
025.1,024.95,024.95,024.89,024.93,024.93,024.93,024.95,024.93,024.95,024.95,024.93,024.99,024.93,024.93,024.99,024.95,024.99,024.99,024.99,024.99,024.93,024.93,024.99,024.93,024.93,024.95,024.99,024.95,024.99,024.99,025.1,025.1,025.1,025.7,025.11,025.11,025.13,025.17,025.25,025.25,025.31,025.41,025.47,025.53,025.67,025.63,025.73,025.73,025.79,025.85,025.85,025.87,025.93,026.5,026.9,026.11,026.23,026.31,026.41,026.49,026.53,
<55>
026.65,026.61,026.53,026.49,026.47,026.41,026.31,026.31,026.21,026.17,026.9,026.3,025.99,025.93,025.91,025.85,025.75,025.63,025.61,025.59,025.55,025.47,025.43,025.43,025.37,025.25,025.23,025.23,025.19,025.19,025.17,025.17,025.11,025.5,025.1,024.99,025.1,024.99,024.99,025.1,024.99,024.95,025.5,025.5,025.5,025.1,025.5,025.1,025.7,025.1,025.1,025.7,024.99,025.5,024.95,024.95,025.1,024.99,025.5,025.7,025.13,025.17,
<56>
025.19,025.13,025.17,025.13,025.11,025.11,025.7,025.7,025.1,024.99,025.11,025.11,025.13,025.7,025.7,025.11,025.13,025.11,025.5,025.1,025.1,025.13,025.5,025.5,025.5,025.13,025.13,025.13,025.17,025.17,025.17,025.19,025.25,025.29,025.31,025.35,025.35,025.37,025.47,025.59,025.59,025.63,025.63,025.73,025.75,025.79,025.81,025.87,025.93,026.5,026.9,026.17,026.23,026.23,026.37,026.43,026.49,026.55,026.55,026.65,026.71,026.83,
<57>
026.87,026.87,026.83,026.83,026.77,026.71,026.61,026.49,026.47,026.41,026.31,026.23,026.23,026.17,026.11,026.5,025.99,025.93,025.91,025.81,025.75,025.69,025.63,025.61,025.61,025.59,025.53,025.53,025.47,025.47,025.43,025.37,025.37,025.35,025.31,025.31,025.25,025.25,025.23,025.17,025.19,025.19,025.19,025.19,025.19,025.17,025.17,025.17,025.13,025.13,025.17,025.19,025.19,025.19,025.23,025.19,025.25,025.23,025.29,025.29,025.35,025.35,
<58>
025.41,025.31,025.35,025.31,025.25,025.29,025.25,025.29,025.25,025.25,025.23,025.25,025.23,025.29,025.29,025.25,025.29,025.25,025.31,025.29,025.29,025.35,025.31,025.35,025.35,025.31,025.41,025.41,025.37,025.41,025.43,025.43,025.43,025.43,025.47,025.55,025.55,025.59,025.63,025.63,025.75,025.75,025.81,025.81,025.87,025.99,025.97,026.9,026.9,026.17,026.21,026.27,026.35,026.37,026.47,026.53,026.55,026.59,026.67,026.73,026.77,026.85,
<59>
026.93,026.99,026.93,026.87,026.83,026.71,026.71,026.65,026.55,026.43,026.31,026.27,026.23,026.11,026.5,025.93,025.87,025.87,025.87,025.85,025.79,025.73,025.63,025.55,025.47,025.43,025.35,025.31,025.29,025.35,025.31,025.25,025.25,025.17,025.11,025.13,025.5,024.99,025.5,025.1,025.5,025.1,025.5,025.7,025.13,025.11,025.7,025.7,025.5,025.1,025.5,024.99,025.1,025.1,025.1,025.1,025.1,025.1,025.1,025.5,025.1,025.1,
<60>
025.1,025.1,024.99,024.95,024.95,024.95,024.95,024.89,024.93,024.93,024.93,024.89,024.95,024.93,024.89,024.93,024.89,024.93,024.93,024.95,024.99,024.93,024.93,024.95,024.89,024.99,024.99,025.1,025.1,025.1,025.5,025.11,025.13,025.13,025.19,025.19,025.31,025.37,025.35,025.43,025.49,025.55,025.67,025.63,025.73,025.81,025.85,025.91,025.93,026.5,026.9,026.23,026.27,026.27,026.29,026.49,026.59,026.59,026.67,026.71,026.71,026.83,026.91,
<61>
026.93,026.91,026.87,026.83,026.73,026.73,026.67,026.61,026.59,026.53,026.43,026.29,026.23,026.21,026.21,026.11,025.97,025.93,025.81,025.75,025.69,025.73,025.63,025.59,025.53,025.49,025.53,025.43,025.31,025.31,025.23,025.17,025.19,025.11,025.11,025.11,025.11,025.7,025.5,025.1,024.99,024.99,024.93,024.99,024.93,024.89,024.89,024.93,024.87,024.83,024.83,024.83,024.87,024.87,024.83,024.83,024.87,024.87,024.87,024.87,024.89,024.93,
<62>
024.87,024.87,024.87,024.83,024.83,024.83,024.77,024.81,024.75,024.77,024.77,024.81,024.87,024.83,024.87,024.87,024.89,024.87,024.87,025.1,024.99,024.89,024.87,024.99,025.1,025.5,025.5,025.1,025.1,025.5,025.5,025.7,025.11,025.19,025.23,025.23,025.25,025.35,025.43,025.53,025.53,025.61,025.67,025.73,025.85,025.87,025.93,026.3,026.15,026.15,026.27,026.29,026.35,026.47,026.53,026.59,026.71,026.71,026.73,026.77,026.85,026.91,
<63>
026.97,026.93,026.87,026.85,026.79,026.73,026.67,026.61,026.49,026.37,026.35,026.31,026.29,026.21,026.15,026.11,025.99,025.93,025.87,025.79,025.63,025.59,025.59,025.59,025.53,025.49,025.43,025.35,025.25,025.25,025.23,025.19,025.13,025.11,025.7,024.99,025.1,024.89,024.89,024.81,024.81,024.77,024.77,024.77,024.75,024.75,024.75,024.77,024.77,024.77,024.75,024.75,024.71,024.71,024.71,024.71,024.75,024.75,024.75,024.75,024.77,024.81,
<64>
024.83,024.87,024.87,024.87,024.83,024.83,024.81,024.83,024.77,024.77,024.81,024.81,024.81,024.81,024.81,024.83,024.81,024.77,024.83,024.81,024.81,024.77,024.81,024.77,024.81,024.89,024.93,024.93,024.93,025.1,025.1,025.7,025.13,025.17,025.19,025.29,025.29,025.37,025.43,025.49,025.53,025.55,025.59,025.69,025.79,025.93,025.93,025.93,026.3,026.15,026.23,026.31,026.37,026.49,026.59,026.65,026.67,026.73,026.79,026.87,026.93,026.99,
<65>
027.5,026.99,026.97,026.91,026.87,026.77,026.77,026.71,026.65,026.59,026.49,026.35,026.29,026.21,026.11,026.3,025.97,025.91,025.85,025.67,025.63,025.61,025.55,025.49,025.41,025.35,025.29,025.29,025.29,025.13,025.11,025.5,024.99,024.93,024.89,024.87,024.81,024.77,024.75,024.75,024.75,024.75,024.75,024.71,024.71,024.75,024.75,024.71,024.71,024.65,024.63,024.59,024.63,024.69,024.65,024.69,024.69,024.63,024.63,024.65,024.69,024.69,
<66>
024.69,024.65,024.65,024.65,024.65,024.63,024.63,024.63,024.63,024.59,024.59,024.59,024.63,024.59,024.59,024.59,024.53,024.59,024.63,024.63,024.59,024.65,024.69,024.69,024.71,024.71,024.71,024.81,024.83,024.89,024.99,025.5,025.5,025.11,025.17,025.17,025.25,025.35,025.41,025.47,025.47,025.59,025.61,025.63,025.79,025.85,025.87,025.97,026.3,026.15,026.29,026.27,026.37,026.37,026.55,026.59,026.67,026.83,026.87,026.93,026.99,027.5,
<67>
027.9,027.9,027.3,026.99,026.97,026.87,026.79,026.71,026.65,026.61,026.53,026.47,026.35,026.21,026.21,026.15,026.3,025.93,025.91,025.85,025.73,025.63,025.49,025.53,025.47,025.43,025.29,025.23,025.23,025.13,025.7,025.1,025.1,025.1,024.99,024.89,024.89,024.89,024.83,024.75,024.71,024.69,024.71,024.65,024.57,024.53,024.57,024.59,024.59,024.59,024.63,024.63,024.63,024.65,024.65,024.65,024.69,024.69,024.65,024.65,024.69,024.65,
<68>
024.63,024.65,024.65,024.63,024.65,024.57,024.65,024.63,024.59,024.63,024.63,024.63,024.63,024.63,024.69,024.69,024.69,024.65,024.69,024.69,024.71,024.75,024.75,024.75,024.81,024.83,024.83,024.83,024.93,024.99,025.1,025.5,025.11,025.11,025.17,025.25,025.29,025.37,025.37,025.49,025.49,025.55,025.61,025.75,025.75,025.81,025.91,025.93,026.3,026.5,026.21,026.29,026.35,026.47,026.55,026.61,026.61,026.65,026.67,026.77,026.87,026.91,
<69>
026.97,026.97,026.93,026.87,026.87,026.77,026.73,026.67,026.59,026.37,026.35,026.29,026.27,026.17,026.23,026.17,026.3,025.93,025.85,025.75,025.67,025.61,025.55,025.53,025.47,025.41,025.43,025.35,025.19,025.11,025.7,025.5,025.5,024.93,024.87,024.83,024.83,024.83,024.81,024.77,024.71,024.71,024.69,024.69,024.69,024.63,024.57,024.57,024.51,024.47,024.47,024.45,024.51,024.53,024.47,024.59,024.59,024.63,024.53,024.51,024.51,024.53,024.53,
<70>
024.47,024.47,024.45,024.47,024.45,024.41,024.41,024.45,024.45,024.45,024.39,024.41,024.39,024.41,024.47,024.47,024.47,024.51,024.51,024.53,024.51,024.63,024.63,024.59,024.63,024.65,024.69,024.71,024.81,024.81,024.87,024.87,024.93,024.99,025.5,025.7,025.13,025.19,025.29,025.41,025.47,025.49,025.55,025.63,025.73,025.85,025.85,025.93,026.3,025.99,026.17,026.21,026.27,026.35,026.43,026.55,026.59,026.61,026.71,026.87,026.93,026.97,
<71>
026.93,026.93,026.85,026.79,026.83,026.91,026.77,026.59,026.49,026.35,026.29,026.17,026.9,026.3,025.97,025.87,025.79,025.75,025.67,025.59,025.47,025.41,025.31,025.31,025.23,025.17,025.11,025.1,024.95,024.93,024.89,024.87,024.75,024.71,024.69,024.65,024.63,024.59,024.53,024.53,024.51,024.57,024.51,024.51,024.45,024.39,024.33,024.29,024.33,024.33,024.35,024.29,024.29,024.27,024.29,024.29,024.33,024.29,024.33,024.35,024.33,024.33,
<72>
024.29,024.27,024.21,024.23,024.17,024.23,024.27,024.27,024.27,024.29,024.23,024.23,024.33,024.29,024.33,024.29,024.35,024.39,024.41,024.51,024.51,024.57,024.59,024.65,024.63,024.63,024.65,024.69,024.75,024.77,024.81,024.81,024.87,024.89,025.7,025.11,025.19,025.25,025.35,025.43,025.43,025.43,025.47,025.53,025.61,025.67,025.75,025.91,025.97,026.15,026.15,026.15,026.21,026.31,026.41,026.47,026.53,026.61,026.71,026.73,026.79,026.91,
<73>
026.93,026.93,026.87,026.85,026.77,026.79,026.67,026.61,026.55,026.43,026.37,026.29,026.23,026.15,026.3,025.99,025.87,025.75,025.73,025.67,025.59,025.47,025.41,025.35,025.25,025.17,025.7,025.1,024.93,024.89,024.81,024.77,024.69,024.63,024.59,024.57,024.53,024.51,024.47,024.51,024.51,024.45,024.41,024.47,024.45,024.39,024.27,024.27,024.27,024.23,024.27,024.23,024.27,024.21,024.17,024.17,024.15,024.17,024.15,024.21,024.23,024.23,
<74>
024.21,024.11,024.11,024.9,024.9,024.9,024.11,024.11,024.15,024.11,024.11,024.15,024.21,024.21,024.17,024.23,024.21,024.23,024.27,024.35,024.35,024.41,024.41,024.39,024.41,024.45,024.47,024.53,024.57,024.57,024.63,024.75,024.81,024.81,024.95,024.99,025.7,025.17,025.23,025.29,025.29,025.35,025.41,025.49,025.61,025.67,025.79,025.87,025.93,026.5,026.11,026.21,026.27,026.35,026.41,026.47,026.53,026.59,026.65,026.71,026.79,026.83,
<75>
026.85,026.85,026.83,026.73,026.73,026.65,026.59,026.49,026.43,026.37,026.31,026.29,026.23,026.21,026.21,026.17,026.41,026.41,026.43,026.73,026.71,026.55,026.49,026.43,026.35,026.31,026.23,026.41,026.71,026.71,026.71,026.71,026.35,025.61,025.31,025.29,025.25,025.25,025.19,025.11,025.5,025.5,025.5,024.99,025.1,024.95,024.87,024.87,024.83,024.83,024.77,024.81,024.81,024.77,024.71,024.63,025.7,025.53,025.55,025.49,025.41,025.41,
<76>
025.35,025.31,025.29,025.35,025.31,025.37,
